

 ====Non Trivial Multiplier==== 


 ----A5---- 
[ [ 1, 1 ], [ 3, 2 ], [ 4, 1 ], [ 5, 1 ] ]
2.A5 [ 2, 2, 4, 6 ]

 ----A6---- 
[ [ 1, 1 ], [ 5, 2 ], [ 8, 2 ], [ 9, 1 ], [ 10, 1 ] ]
2.A6 [ 4, 4, 8, 8, 10, 10 ]
3.A6 [ 3, 3, 6, 9, 15 ]
6.A6 [ 6, 6, 12, 12 ]

 ----A7---- 
[ [ 1, 1 ], [ 6, 1 ], [ 10, 2 ], [ 14, 2 ], [ 15, 1 ], [ 21, 1 ], [ 35, 1 ] ]
2.A7 [ 4, 4, 14, 14, 20, 20, 36 ]
3.A7 [ 6, 15, 15, 21, 21, 24, 24 ]
6.A7 [ 6, 6, 24, 24, 36 ]

 ----A8---- 
[ [ 1, 1 ], [ 7, 1 ], [ 14, 1 ], [ 20, 1 ], [ 21, 3 ], [ 28, 1 ], [ 35, 1 ], [ 45, 2 ], [ 56, 1 ], [ 64, 1 ], 
  [ 70, 1 ] ]
2.A8 [ 8, 24, 24, 48, 56, 56, 56, 56, 64 ]

 ----A9---- 
[ [ 1, 1 ], [ 8, 1 ], [ 21, 2 ], [ 27, 1 ], [ 28, 1 ], [ 35, 2 ], [ 42, 1 ], [ 48, 1 ], [ 56, 1 ], [ 84, 1 ], 
  [ 105, 1 ], [ 120, 1 ], [ 162, 1 ], [ 168, 1 ], [ 189, 1 ], [ 216, 1 ] ]
2.A9 [ 8, 8, 48, 48, 56, 112, 120, 120, 160, 168, 168, 224 ]

 ----A10---- 
[ [ 1, 1 ], [ 9, 1 ], [ 35, 1 ], [ 36, 1 ], [ 42, 1 ], [ 75, 1 ], [ 84, 1 ], [ 90, 1 ], [ 126, 1 ], [ 160, 1 ], 
  [ 210, 1 ], [ 224, 2 ], [ 225, 1 ], [ 252, 1 ], [ 288, 1 ], [ 300, 1 ], [ 315, 1 ], [ 350, 1 ], [ 384, 2 ], 
  [ 450, 1 ], [ 525, 1 ], [ 567, 1 ] ]
2.A10 [ 16, 48, 48, 64, 64, 216, 216, 336, 336, 384, 384, 400, 432, 448, 800 ]

 ----A11---- 
[ [ 1, 1 ], [ 10, 1 ], [ 44, 1 ], [ 45, 1 ], [ 110, 1 ], [ 120, 1 ], [ 126, 2 ], [ 132, 1 ], [ 165, 1 ], [ 210, 1 ], 
  [ 231, 1 ], [ 330, 1 ], [ 385, 1 ], [ 462, 1 ], [ 550, 1 ], [ 594, 3 ], [ 660, 1 ], [ 693, 1 ], [ 825, 1 ], 
  [ 924, 1 ], [ 990, 2 ], [ 1100, 1 ], [ 1155, 1 ], [ 1232, 1 ], [ 1320, 1 ], [ 1540, 1 ], [ 2310, 1 ] ]
2.A11 [ 16, 16, 144, 528, 560, 616, 616, 672, 880, 880, 1200, 1232, 1232, 1440, 1584, 1584, 1584, 1584 ]

 ----A12---- 
[ [ 1, 1 ], [ 11, 1 ], [ 54, 1 ], [ 55, 1 ], [ 132, 1 ], [ 154, 1 ], [ 165, 1 ], [ 275, 1 ], [ 297, 1 ], [ 320, 1 ], 
  [ 330, 1 ], [ 462, 2 ], [ 616, 1 ], [ 891, 1 ], [ 945, 1 ], [ 1050, 2 ], [ 1155, 1 ], [ 1320, 3 ], [ 1408, 1 ], 
  [ 1485, 1 ], [ 1650, 1 ], [ 1728, 1 ], [ 1925, 2 ], [ 2079, 1 ], [ 2112, 1 ], [ 2376, 1 ], [ 2673, 1 ], 
  [ 2970, 1 ], [ 3080, 1 ], [ 3520, 1 ], [ 3564, 1 ], [ 3696, 1 ], [ 3850, 2 ], [ 4158, 1 ], [ 4455, 1 ], 
  [ 5632, 1 ], [ 5775, 1 ] ]
2.A12 [ 32, 160, 160, 704, 704, 1408, 1408, 1760, 1760, 1760, 1760, 1760, 1792, 2112, 2112, 2640, 2640, 3840, 5600, 
  5632, 7392, 7776 ]

 ----A13---- 
[ [ 1, 1 ], [ 12, 1 ], [ 65, 1 ], [ 66, 1 ], [ 208, 1 ], [ 220, 1 ], [ 429, 3 ], [ 462, 2 ], [ 495, 1 ], [ 572, 1 ], 
  [ 792, 1 ], [ 936, 1 ], [ 1287, 1 ], [ 1365, 1 ], [ 1430, 1 ], [ 2574, 2 ], [ 2860, 1 ], [ 3003, 1 ], [ 3432, 3 ], 
  [ 3575, 1 ], [ 3640, 1 ], [ 4004, 1 ], [ 4212, 1 ], [ 4290, 3 ], [ 5005, 1 ], [ 5148, 1 ], [ 5720, 1 ], 
  [ 6006, 1 ], [ 6435, 1 ], [ 6864, 1 ], [ 7371, 1 ], [ 7800, 1 ], [ 8008, 2 ], [ 8580, 1 ], [ 9009, 1 ], 
  [ 9360, 1 ], [ 10296, 1 ], [ 11440, 1 ], [ 11583, 1 ], [ 12012, 2 ], [ 12870, 1 ], [ 15015, 1 ], [ 17160, 1 ], 
  [ 20592, 1 ], [ 21450, 1 ] ]
2.A13 [ 32, 32, 352, 1728, 2496, 2496, 4224, 4576, 4928, 8800, 9152, 9152, 9152, 9152, 9152, 9504, 11232, 11232, 
  11232, 11232, 13728, 13728, 13728, 16016, 16016, 20800, 20800 ]

 ----A14---- 
[ [ 1, 1 ], [ 13, 1 ], [ 77, 1 ], [ 78, 1 ], [ 273, 1 ], [ 286, 1 ], [ 429, 1 ], [ 560, 1 ], [ 637, 1 ], [ 715, 1 ], 
  [ 1001, 2 ], [ 1287, 1 ], [ 1365, 1 ], [ 1716, 1 ], [ 2002, 1 ], [ 2079, 1 ], [ 4368, 1 ], [ 4576, 1 ], 
  [ 4752, 2 ], [ 4928, 1 ], [ 5733, 1 ], [ 6006, 3 ], [ 6435, 1 ], [ 7007, 3 ], [ 7644, 1 ], [ 8085, 1 ], 
  [ 9009, 1 ], [ 12012, 2 ], [ 13650, 1 ], [ 14014, 3 ], [ 15015, 3 ], [ 15444, 1 ], [ 16016, 1 ], [ 20384, 1 ], 
  [ 21021, 3 ], [ 21450, 2 ], [ 23296, 1 ], [ 24960, 1 ], [ 27027, 2 ], [ 28028, 1 ], [ 28665, 1 ], [ 29952, 2 ], 
  [ 34320, 2 ], [ 35035, 2 ], [ 36608, 1 ], [ 42042, 2 ], [ 47775, 1 ], [ 48048, 2 ], [ 50050, 1 ], [ 63063, 1 ], 
  [ 64064, 1 ], [ 69498, 1 ] ]
No projective info 

 ----A15---- 
[ [ 1, 1 ], [ 14, 1 ], [ 90, 1 ], [ 91, 1 ], [ 350, 1 ], [ 364, 1 ], [ 715, 1 ], [ 910, 1 ], [ 1001, 1 ], 
  [ 1430, 1 ], [ 1638, 1 ], [ 1716, 2 ], [ 1925, 1 ], [ 2002, 2 ], [ 2835, 1 ], [ 2925, 1 ], [ 3003, 1 ], 
  [ 5005, 1 ], [ 6006, 1 ], [ 7007, 1 ], [ 7722, 1 ], [ 9100, 1 ], [ 9450, 1 ], [ 11088, 1 ], [ 11375, 1 ], 
  [ 11583, 1 ], [ 12012, 2 ], [ 12740, 1 ], [ 13650, 1 ], [ 14300, 1 ], [ 19305, 1 ], [ 21450, 1 ], [ 22113, 1 ], 
  [ 24948, 1 ], [ 25025, 3 ], [ 26950, 1 ], [ 27027, 1 ], [ 28028, 1 ], [ 30030, 1 ], [ 32032, 1 ], [ 34398, 1 ], 
  [ 35035, 1 ], [ 35100, 1 ], [ 42042, 2 ], [ 43120, 1 ], [ 44550, 1 ], [ 45045, 1 ], [ 50050, 2 ], [ 51975, 1 ], 
  [ 53625, 1 ], [ 54054, 1 ], [ 57330, 1 ], [ 58968, 1 ], [ 61425, 1 ], [ 63700, 1 ], [ 70070, 1 ], [ 75075, 2 ], 
  [ 78000, 2 ], [ 80080, 1 ], [ 81081, 1 ], [ 90090, 1 ], [ 91000, 1 ], [ 96525, 1 ], [ 100100, 3 ], [ 108108, 1 ], 
  [ 112112, 2 ], [ 122850, 1 ], [ 125125, 1 ], [ 126126, 1 ], [ 128700, 1 ], [ 135135, 1 ], [ 146432, 2 ], 
  [ 150150, 1 ], [ 159250, 1 ], [ 162162, 1 ], [ 175175, 1 ], [ 184275, 1 ], [ 210210, 1 ], [ 221130, 1 ], 
  [ 231660, 1 ], [ 243243, 1 ] ]
No projective info 

 ----A16---- 
[ [ 1, 1 ], [ 15, 1 ], [ 104, 1 ], [ 105, 1 ], [ 440, 1 ], [ 455, 1 ], [ 896, 1 ], [ 1260, 1 ], [ 1365, 1 ], 
  [ 1430, 1 ], [ 2548, 1 ], [ 2640, 1 ], [ 3003, 1 ], [ 3432, 1 ], [ 3640, 1 ], [ 3900, 1 ], [ 4004, 1 ], 
  [ 5005, 1 ], [ 6435, 1 ], [ 10752, 1 ], [ 11648, 1 ], [ 12012, 2 ], [ 13860, 1 ], [ 14300, 1 ], [ 16848, 1 ], 
  [ 18018, 1 ], [ 20020, 1 ], [ 21021, 2 ], [ 21840, 1 ], [ 23100, 1 ], [ 24024, 1 ], [ 24960, 1 ], [ 30030, 1 ], 
  [ 32032, 1 ], [ 36036, 1 ], [ 36608, 1 ], [ 38220, 1 ], [ 42120, 1 ], [ 43120, 1 ], [ 45760, 1 ], [ 51480, 1 ], 
  [ 60060, 2 ], [ 65520, 1 ], [ 68640, 1 ], [ 69888, 1 ], [ 71500, 1 ], [ 71680, 1 ], [ 73710, 1 ], [ 76440, 1 ], 
  [ 80640, 1 ], [ 82368, 1 ], [ 85800, 1 ], [ 91520, 1 ], [ 91728, 1 ], [ 100100, 1 ], [ 105600, 1 ], [ 112112, 2 ], 
  [ 114400, 1 ], [ 114660, 1 ], [ 115830, 1 ], [ 116480, 1 ], [ 125125, 2 ], [ 140140, 1 ], [ 150150, 2 ], 
  [ 155232, 1 ], [ 168168, 1 ], [ 171600, 1 ], [ 173250, 1 ], [ 180180, 2 ], [ 194040, 1 ], [ 197120, 1 ], 
  [ 200200, 2 ], [ 202125, 2 ], [ 206388, 1 ], [ 210210, 1 ], [ 231660, 1 ], [ 240240, 2 ], [ 262080, 1 ], 
  [ 266240, 1 ], [ 280280, 2 ], [ 292864, 1 ], [ 300300, 1 ], [ 305760, 1 ], [ 318500, 1 ], [ 320320, 1 ], 
  [ 336336, 1 ], [ 337920, 1 ], [ 360360, 2 ], [ 411840, 1 ], [ 416988, 1 ], [ 429000, 2 ], [ 448448, 1 ], 
  [ 464373, 2 ], [ 480480, 1 ], [ 500500, 1 ], [ 512512, 1 ], [ 515970, 1 ], [ 549120, 1 ], [ 559104, 1 ], 
  [ 582400, 1 ], [ 600600, 1 ], [ 630630, 2 ], [ 640640, 1 ], [ 648648, 1 ], [ 673920, 1 ], [ 698880, 1 ], 
  [ 819000, 1 ], [ 1153152, 1 ] ]
No projective info 

 ----A17---- 
[ [ 1, 1 ], [ 16, 1 ], [ 119, 1 ], [ 120, 1 ], [ 544, 1 ], [ 560, 1 ], [ 1105, 1 ], [ 1700, 1 ], [ 1820, 1 ], 
  [ 3536, 1 ], [ 3808, 1 ], [ 4368, 1 ], [ 4862, 1 ], [ 5236, 1 ], [ 5355, 1 ], [ 6188, 1 ], [ 6435, 2 ], 
  [ 7072, 1 ], [ 8008, 1 ], [ 11440, 1 ], [ 15912, 1 ], [ 17017, 1 ], [ 19448, 1 ], [ 20400, 1 ], [ 20944, 1 ], 
  [ 24752, 1 ], [ 33320, 1 ], [ 35700, 1 ], [ 37400, 1 ], [ 38675, 1 ], [ 46410, 1 ], [ 48620, 1 ], [ 62832, 1 ], 
  [ 65637, 1 ], [ 68068, 1 ], [ 70720, 1 ], [ 74256, 1 ], [ 85085, 1 ], [ 87516, 1 ], [ 116688, 2 ], [ 121550, 1 ], 
  [ 123760, 2 ], [ 129948, 2 ], [ 134640, 1 ], [ 136136, 1 ], [ 145860, 1 ], [ 148512, 2 ], [ 155584, 1 ], 
  [ 157080, 1 ], [ 159120, 1 ], [ 170170, 1 ], [ 194480, 1 ], [ 204204, 1 ], [ 205632, 1 ], [ 209440, 1 ], 
  [ 233376, 1 ], [ 238238, 1 ], [ 243100, 1 ], [ 247520, 1 ], [ 259896, 1 ], [ 272272, 4 ], [ 291720, 1 ], 
  [ 318240, 1 ], [ 327250, 1 ], [ 333200, 1 ], [ 340340, 2 ], [ 346528, 1 ], [ 353600, 1 ], [ 364650, 1 ], 
  [ 388960, 1 ], [ 399840, 1 ], [ 408408, 1 ], [ 433160, 1 ], [ 466752, 1 ], [ 486200, 1 ], [ 523600, 1 ], 
  [ 544544, 1 ], [ 556920, 1 ], [ 565488, 1 ], [ 583440, 2 ], [ 586432, 1 ], [ 618800, 2 ], [ 631125, 2 ], 
  [ 680680, 2 ], [ 700128, 1 ], [ 729300, 2 ], [ 742560, 1 ], [ 749700, 1 ], [ 765765, 2 ], [ 816816, 1 ], 
  [ 848640, 1 ], [ 850850, 1 ], [ 891072, 1 ], [ 908820, 1 ], [ 918918, 1 ], [ 952952, 1 ], [ 972400, 2 ], 
  [ 1021020, 1 ], [ 1047200, 1 ], [ 1050192, 1 ], [ 1082900, 2 ], [ 1089088, 3 ], [ 1113840, 1 ], [ 1299480, 1 ], 
  [ 1326000, 1 ], [ 1336608, 1 ], [ 1361360, 4 ], [ 1429428, 1 ], [ 1454112, 1 ], [ 1485120, 1 ], [ 1570800, 1 ], 
  [ 1591200, 1 ], [ 1633632, 2 ], [ 1701700, 2 ], [ 1750320, 2 ], [ 1832600, 1 ], [ 1905904, 1 ], [ 2165800, 1 ], 
  [ 2255526, 1 ], [ 2362932, 1 ], [ 2431000, 1 ], [ 2436525, 2 ], [ 2450448, 1 ], [ 2475200, 1 ], [ 2552550, 1 ], 
  [ 2598960, 1 ], [ 2722720, 1 ], [ 2858856, 1 ], [ 3573570, 1 ], [ 3620864, 1 ] ]
No projective info 

 ----A18---- 
[ [ 1, 1 ], [ 17, 1 ], [ 135, 1 ], [ 136, 1 ], [ 663, 1 ], [ 680, 1 ], [ 1344, 1 ], [ 2244, 1 ], [ 2380, 1 ], 
  [ 4641, 1 ], [ 4862, 1 ], [ 5508, 1 ], [ 6188, 1 ], [ 6885, 1 ], [ 7020, 1 ], [ 9996, 1 ], [ 11934, 1 ], 
  [ 12376, 1 ], [ 13260, 1 ], [ 19448, 1 ], [ 22848, 1 ], [ 24192, 1 ], [ 24310, 1 ], [ 29172, 1 ], [ 29835, 1 ], 
  [ 35343, 1 ], [ 53040, 1 ], [ 56100, 1 ], [ 58344, 1 ], [ 60060, 1 ], [ 70720, 1 ], [ 87516, 1 ], [ 88128, 1 ], 
  [ 91520, 2 ], [ 99144, 1 ], [ 102102, 1 ], [ 106029, 1 ], [ 111384, 1 ], [ 112320, 1 ], [ 116025, 1 ], 
  [ 136136, 1 ], [ 143208, 1 ], [ 162162, 1 ], [ 182784, 1 ], [ 219912, 1 ], [ 228480, 1 ], [ 238680, 1 ], 
  [ 251328, 1 ], [ 255255, 1 ], [ 259896, 1 ], [ 268515, 1 ], [ 302940, 1 ], [ 322218, 1 ], [ 331500, 1 ], 
  [ 339456, 1 ], [ 340340, 1 ], [ 353430, 1 ], [ 358020, 1 ], [ 363528, 1 ], [ 364650, 1 ], [ 408408, 1 ], 
  [ 447525, 1 ], [ 459459, 1 ], [ 466752, 1 ], [ 501228, 1 ], [ 510510, 1 ], [ 556920, 1 ], [ 583440, 1 ], 
  [ 590733, 1 ], [ 595595, 1 ], [ 612612, 3 ], [ 649740, 1 ], [ 656370, 1 ], [ 659736, 1 ], [ 678912, 1 ], 
  [ 714714, 1 ], [ 779688, 1 ], [ 787644, 2 ], [ 837760, 1 ], [ 848232, 1 ], [ 875160, 2 ], [ 933504, 2 ], 
  [ 952952, 1 ], [ 1018368, 1 ], [ 1021020, 2 ], [ 1089088, 1 ], [ 1099560, 1 ], [ 1131520, 1 ], [ 1145664, 1 ], 
  [ 1175040, 1 ], [ 1215500, 1 ], [ 1225224, 1 ], [ 1233792, 1 ], [ 1244672, 2 ], [ 1272348, 1 ], [ 1312740, 1 ], 
  [ 1349460, 1 ], [ 1357824, 1 ], [ 1429428, 2 ], [ 1432080, 1 ], [ 1458600, 1 ], [ 1503684, 1 ], [ 1531530, 1 ], 
  [ 1575288, 2 ], [ 1649340, 1 ], [ 1790100, 1 ], [ 1823250, 1 ], [ 1989000, 1 ], [ 2042040, 1 ], [ 2144142, 1 ], 
  [ 2148120, 1 ], [ 2333760, 2 ], [ 2362932, 1 ], [ 2382380, 1 ], [ 2598960, 1 ], [ 2625480, 1 ], [ 2756754, 2 ], 
  [ 2784600, 1 ], [ 2858856, 2 ], [ 2923830, 1 ], [ 2970240, 1 ], [ 3007368, 1 ], [ 3055104, 1 ], [ 3180870, 1 ], 
  [ 3198720, 1 ], [ 3222180, 1 ], [ 3267264, 1 ], [ 3281850, 1 ], [ 3403400, 1 ], [ 3508596, 2 ], [ 3544398, 1 ], 
  [ 3646500, 1 ], [ 3675672, 1 ], [ 3734016, 1 ], [ 3877632, 1 ], [ 3960320, 2 ], [ 3965760, 1 ], [ 3978000, 1 ], 
  [ 4200768, 1 ], [ 4230144, 1 ], [ 4288284, 1 ], [ 4455360, 1 ], [ 4511052, 1 ], [ 4594590, 1 ], [ 4691456, 2 ], 
  [ 4725864, 1 ], [ 4862000, 1 ], [ 4950400, 1 ], [ 5012280, 2 ], [ 5105100, 2 ], [ 5250960, 1 ], [ 5346432, 1 ], 
  [ 5361664, 1 ], [ 5469750, 1 ], [ 5937624, 1 ], [ 6126120, 1 ], [ 6265350, 1 ], [ 6361740, 1 ], [ 6432426, 1 ], 
  [ 6534528, 2 ], [ 6789120, 1 ], [ 6872250, 1 ], [ 7088796, 1 ], [ 7634088, 1 ], [ 7876440, 2 ], [ 8019648, 1 ], 
  [ 8078400, 1 ], [ 8270262, 1 ], [ 8486400, 1 ], [ 8576568, 1 ], [ 9165312, 1 ], [ 9189180, 2 ], [ 9529520, 1 ], 
  [ 9801792, 1 ], [ 10720710, 1 ], [ 11277630, 1 ], [ 13366080, 1 ], [ 16243500, 1 ], [ 16336320, 1 ] ]
No projective info 

 ----A19---- 
[ [ 1, 1 ], [ 18, 1 ], [ 152, 1 ], [ 153, 1 ], [ 798, 1 ], [ 816, 1 ], [ 1615, 1 ], [ 2907, 1 ], [ 3060, 1 ], 
  [ 5985, 1 ], [ 7752, 1 ], [ 8568, 1 ], [ 8892, 1 ], [ 9044, 1 ], [ 15504, 1 ], [ 16796, 1 ], [ 18564, 1 ], 
  [ 23256, 1 ], [ 24310, 2 ], [ 25194, 1 ], [ 31824, 1 ], [ 31977, 1 ], [ 33592, 1 ], [ 40698, 1 ], [ 41496, 1 ], 
  [ 43758, 1 ], [ 49248, 1 ], [ 75582, 1 ], [ 81396, 1 ], [ 85272, 1 ], [ 88179, 1 ], [ 90440, 1 ], [ 151164, 2 ], 
  [ 160056, 1 ], [ 169575, 1 ], [ 175560, 1 ], [ 184756, 2 ], [ 203490, 1 ], [ 277134, 1 ], [ 293930, 1 ], 
  [ 369512, 1 ], [ 372096, 1 ], [ 383724, 1 ], [ 403104, 1 ], [ 415701, 1 ], [ 421344, 1 ], [ 444600, 1 ], 
  [ 488376, 1 ], [ 529074, 1 ], [ 554268, 3 ], [ 566865, 1 ], [ 596904, 1 ], [ 604656, 1 ], [ 639540, 1 ], 
  [ 646646, 1 ], [ 680238, 1 ], [ 755820, 2 ], [ 795872, 1 ], [ 815100, 1 ], [ 831402, 1 ], [ 840294, 1 ], 
  [ 949620, 1 ], [ 976752, 1 ], [ 1017450, 1 ], [ 1058148, 1 ], [ 1108536, 1 ], [ 1119195, 1 ], [ 1200420, 1 ], 
  [ 1217216, 1 ], [ 1234506, 1 ], [ 1322685, 1 ], [ 1369368, 1 ], [ 1410864, 2 ], [ 1511640, 2 ], [ 1534896, 1 ], 
  [ 1569780, 1 ], [ 1627920, 1 ], [ 1662804, 3 ], [ 1790712, 3 ], [ 1847560, 1 ], [ 2046528, 1 ], [ 2078505, 1 ], 
  [ 2116296, 2 ], [ 2217072, 1 ], [ 2263261, 1 ], [ 2441880, 1 ], [ 2494206, 1 ], [ 2519400, 1 ], [ 2586584, 1 ], 
  [ 2686068, 1 ], [ 2834325, 1 ], [ 2909907, 1 ], [ 3038784, 1 ], [ 3325608, 5 ], [ 3391500, 1 ], [ 3410880, 1 ], 
  [ 3879876, 2 ], [ 4081428, 1 ], [ 4232592, 2 ], [ 4263600, 1 ], [ 4408950, 1 ], [ 4434144, 1 ], [ 4526522, 2 ], 
  [ 4837248, 1 ], [ 4938024, 1 ], [ 5038800, 1 ], [ 5542680, 1 ], [ 5651208, 1 ], [ 5668650, 1 ], [ 5819814, 3 ], 
  [ 5878600, 1 ], [ 6267492, 1 ], [ 6348888, 2 ], [ 6466460, 1 ], [ 6651216, 5 ], [ 6802380, 1 ], [ 6837264, 1 ], 
  [ 6928350, 1 ], [ 7407036, 3 ], [ 7674480, 1 ], [ 7759752, 4 ], [ 8162856, 2 ], [ 8314020, 3 ], [ 8356656, 1 ], 
  [ 8465184, 1 ], [ 8868288, 1 ], [ 8953560, 2 ], [ 9523332, 1 ], [ 9593100, 1 ], [ 9699690, 3 ], [ 9876048, 1 ], 
  [ 9976824, 2 ], [ 10203570, 1 ], [ 10581480, 1 ], [ 11110554, 1 ], [ 11286912, 1 ], [ 11639628, 2 ], 
  [ 12345060, 1 ], [ 12597000, 1 ], [ 13302432, 2 ], [ 14244300, 1 ], [ 14284998, 1 ], [ 14325696, 2 ], 
  [ 14511744, 1 ], [ 14814072, 1 ], [ 14965236, 1 ], [ 15116400, 3 ], [ 15261750, 1 ], [ 15519504, 1 ], 
  [ 15872220, 1 ], [ 15988500, 1 ], [ 16116408, 1 ], [ 16325712, 2 ], [ 16628040, 3 ], [ 17459442, 1 ], 
  [ 17635800, 1 ], [ 17736576, 1 ], [ 18106088, 2 ], [ 18366426, 3 ], [ 18653250, 1 ], [ 19399380, 1 ], 
  [ 21976920, 1 ], [ 22447854, 1 ], [ 23094500, 1 ], [ 23279256, 5 ], [ 23814144, 1 ], [ 24186240, 1 ], 
  [ 24418800, 1 ], [ 24942060, 1 ], [ 26453700, 2 ], [ 26604864, 2 ], [ 27713400, 1 ], [ 27855520, 1 ], 
  [ 28569996, 1 ], [ 28651392, 1 ], [ 29106176, 2 ], [ 29393000, 2 ], [ 29930472, 1 ], [ 31039008, 2 ], 
  [ 31081644, 1 ], [ 31744440, 1 ], [ 33331662, 1 ], [ 33426624, 1 ], [ 34398208, 1 ], [ 34918884, 1 ], 
  [ 36732852, 1 ], [ 40738698, 2 ], [ 41570100, 1 ], [ 42325920, 1 ], [ 44089500, 1 ], [ 47006190, 1 ], 
  [ 52907400, 1 ], [ 58198140, 1 ], [ 64664600, 1 ] ]
No projective info 

 ----M12---- 
[ [ 1, 1 ], [ 11, 2 ], [ 16, 2 ], [ 45, 1 ], [ 54, 1 ], [ 55, 3 ], [ 66, 1 ], [ 99, 1 ], [ 120, 1 ], [ 144, 1 ], 
  [ 176, 1 ] ]
2.M12 [ 10, 10, 12, 32, 44, 44, 110, 110, 120, 160, 160 ]

 ----M22---- 
[ [ 1, 1 ], [ 21, 1 ], [ 45, 2 ], [ 55, 1 ], [ 99, 1 ], [ 154, 1 ], [ 210, 1 ], [ 231, 1 ], [ 280, 2 ], [ 385, 1 ] ]
2.M22 [ 10, 10, 56, 120, 126, 126, 154, 154, 210, 330, 440 ]
3.M22 [ 21, 45, 45, 99, 105, 105, 210, 231, 231, 330, 384 ]
4.M22 [ 56, 56, 144, 144, 160, 160, 176, 560 ]
6.M22 [ 66, 66, 120, 126, 126, 210, 210, 210, 330, 384 ]
12.M22 [ 120, 120, 144, 144, 336, 336, 384 ]

 ----J2---- 
[ [ 1, 1 ], [ 14, 2 ], [ 21, 2 ], [ 36, 1 ], [ 63, 1 ], [ 70, 2 ], [ 90, 1 ], [ 126, 1 ], [ 160, 1 ], [ 175, 1 ], 
  [ 189, 2 ], [ 224, 2 ], [ 225, 1 ], [ 288, 1 ], [ 300, 1 ], [ 336, 1 ] ]
2.J2 [ 6, 6, 14, 50, 50, 56, 56, 64, 64, 84, 126, 126, 216, 252, 336, 350, 448 ]

 ----J3---- 
[ [ 1, 1 ], [ 85, 2 ], [ 323, 2 ], [ 324, 1 ], [ 646, 2 ], [ 816, 1 ], [ 1140, 1 ], [ 1215, 2 ], [ 1615, 1 ], 
  [ 1920, 3 ], [ 1938, 2 ], [ 2432, 1 ], [ 2754, 1 ], [ 3078, 1 ] ]
3.J3 [ 18, 18, 153, 153, 171, 171, 171, 324, 1215, 1215, 1530, 1530, 2736, 2754, 2907, 3060, 3078 ]

 ----Co1---- 
[ [ 1, 1 ], [ 276, 1 ], [ 299, 1 ], [ 1771, 1 ], [ 8855, 1 ], [ 17250, 1 ], [ 27300, 1 ], [ 37674, 1 ], [ 44275, 1 ], 
  [ 80730, 1 ], [ 94875, 1 ], [ 313950, 1 ], [ 345345, 1 ], [ 376740, 1 ], [ 483000, 1 ], [ 644644, 1 ], 
  [ 673750, 2 ], [ 822250, 1 ], [ 871884, 1 ], [ 1434510, 1 ], [ 1450449, 1 ], [ 1771000, 1 ], [ 1821600, 1 ], 
  [ 2055625, 1 ], [ 2417415, 1 ], [ 2464749, 2 ], [ 2816856, 1 ], [ 2877875, 1 ], [ 4100096, 1 ], [ 5494125, 1 ], 
  [ 5801796, 1 ], [ 7628985, 1 ], [ 9221850, 1 ], [ 9669660, 1 ], [ 12432420, 1 ], [ 16347825, 1 ], [ 20083140, 1 ], 
  [ 21049875, 1 ], [ 21528000, 1 ], [ 21579129, 1 ], [ 23244375, 1 ], [ 24174150, 1 ], [ 24667500, 1 ], 
  [ 24794000, 1 ], [ 25900875, 1 ], [ 31574400, 1 ], [ 40166280, 1 ], [ 40370176, 1 ], [ 44013375, 1 ], 
  [ 46621575, 1 ], [ 51571520, 1 ], [ 55255200, 1 ], [ 57544344, 1 ], [ 60435375, 1 ], [ 65270205, 1 ], 
  [ 66602250, 1 ], [ 77702625, 1 ], [ 83720000, 1 ], [ 85250880, 1 ], [ 91547820, 1 ], [ 100725625, 1 ], 
  [ 106142400, 1 ], [ 109882500, 1 ], [ 150732800, 1 ], [ 163478250, 1 ], [ 184184000, 1 ], [ 185912496, 1 ], 
  [ 185955000, 1 ], [ 191102976, 1 ], [ 201451250, 1 ], [ 205395750, 1 ], [ 207491625, 1 ], [ 210974400, 1 ], 
  [ 215547904, 1 ], [ 219648000, 1 ], [ 241741500, 1 ], [ 247235625, 1 ], [ 251756505, 1 ], [ 257857600, 1 ], 
  [ 259008750, 1 ], [ 267014475, 1 ], [ 280280000, 1 ], [ 292953024, 1 ], [ 299710125, 1 ], [ 302176875, 1 ], 
  [ 309429120, 1 ], [ 326956500, 1 ], [ 360062976, 1 ], [ 387317700, 1 ], [ 402902500, 1 ], [ 464257024, 1 ], 
  [ 469945476, 2 ], [ 483483000, 1 ], [ 502078500, 1 ], [ 503513010, 1 ], [ 504627200, 1 ], [ 522161640, 1 ], 
  [ 551675124, 1 ] ]
2.Co1 [ 24, 2024, 2576, 4576, 40480, 95680, 170016, 299000, 315744, 351624, 388080, 789360, 1841840, 1937520, 
  4004000, 5051904, 6446440, 6446440, 7104240, 9152000, 9152000, 11051040, 13156000, 15002624, 15002624, 15471456, 
  16170000, 16170000, 17050176, 17310720, 18987696, 19734000, 34155000, 40370176, 40370176, 44204160, 49335000, 
  50519040, 51571520, 59153976, 59153976, 59153976, 62790000, 67358720, 106260000, 112519680, 139243104, 161161000, 
  190417920, 210496000, 215547904, 230230000, 247543296, 282906624, 287006720, 313524224, 342752256, 351624000, 
  394680000, 464143680, 485760000, 517899096, 557865000, 655360000, 805805000, 1021620600 ]

 ----Fi22---- 
[ [ 1, 1 ], [ 78, 1 ], [ 429, 1 ], [ 1001, 1 ], [ 1430, 1 ], [ 3003, 1 ], [ 3080, 1 ], [ 10725, 1 ], [ 13650, 1 ], 
  [ 30030, 1 ], [ 32032, 1 ], [ 43680, 1 ], [ 45045, 1 ], [ 48048, 1 ], [ 50050, 2 ], [ 75075, 3 ], [ 81081, 1 ], 
  [ 114400, 1 ], [ 138600, 2 ], [ 150150, 1 ], [ 205920, 1 ], [ 289575, 1 ], [ 300300, 1 ], [ 320320, 1 ], 
  [ 360855, 1 ], [ 370656, 1 ], [ 400400, 4 ], [ 450450, 2 ], [ 576576, 1 ], [ 577368, 1 ], [ 579150, 1 ], 
  [ 582400, 2 ], [ 600600, 3 ], [ 675675, 1 ], [ 720720, 1 ], [ 800800, 1 ], [ 852930, 1 ], [ 938223, 1 ], 
  [ 972972, 1 ], [ 982800, 2 ], [ 1201200, 1 ], [ 1360800, 1 ], [ 1372800, 1 ], [ 1441792, 1 ], [ 1791153, 1 ], 
  [ 1876446, 1 ], [ 2027025, 1 ], [ 2050048, 1 ], [ 2316600, 1 ], [ 2402400, 1 ], [ 2555904, 2 ], [ 2729376, 1 ] ]
2.Fi22 [ 352, 2080, 2080, 5824, 5824, 5824, 5824, 13728, 13728, 27456, 48048, 48048, 105600, 105600, 123200, 133056, 
  146432, 146432, 228800, 235872, 235872, 320320, 320320, 400400, 400400, 436800, 436800, 480480, 480480, 686400, 
  686400, 915200, 915200, 1029600, 1201200, 1201200, 1297296, 1297296, 1441792, 1663200, 1663200, 2196480, 2196480, 
  2358720, 2358720, 2402400, 2402400, 2555904, 2555904 ]
3.Fi22 [ 351, 7722, 12474, 12474, 19305, 19656, 27027, 42120, 51975, 54054, 61425, 96525, 123552, 235872, 237600, 
  289575, 360855, 368550, 368550, 386100, 405405, 405405, 432432, 494208, 577368, 608256, 675675, 675675, 772200, 
  852930, 938223, 997920, 1235520, 1297296, 1297296, 1351350, 1351350, 1351350, 1351350, 1621620, 1658475, 1658475, 
  1729728, 1791153, 1853280, 1876446, 1965600, 1965600, 2729376, 3088800 ]
6.Fi22 [ 1728, 1728, 61776, 61776, 71280, 71280, 112320, 112320, 123552, 308880, 308880, 314496, 314496, 314496, 
  314496, 359424, 359424, 432432, 432432, 967680, 967680, 1123200, 1123200, 1235520, 1235520, 1729728, 1729728, 
  1796256, 1796256, 2594592, 2965248, 2965248, 3088800, 3088800 ]

 ----Fi24'---- 
[ [ 1, 1 ], [ 8671, 1 ], [ 57477, 1 ], [ 249458, 1 ], [ 555611, 1 ], [ 1603525, 2 ], [ 1666833, 1 ], [ 4864431, 1 ], 
  [ 32715683, 1 ], [ 35873145, 1 ], [ 40536925, 1 ], [ 48893768, 1 ], [ 74837400, 2 ], [ 79452373, 1 ], 
  [ 112168056, 1 ], [ 159402880, 1 ], [ 281380736, 1 ], [ 415098112, 1 ], [ 635618984, 1 ], [ 1069551175, 1 ], 
  [ 1112333222, 1 ], [ 1264015025, 1 ], [ 1337276304, 1 ], [ 1540153692, 1 ], [ 2346900864, 1 ], [ 3178094920, 1 ], 
  [ 3208653525, 1 ], [ 3283490925, 1 ], [ 5005499499, 1 ], [ 5775278080, 1 ], [ 6471756928, 1 ], [ 7150713570, 1 ], 
  [ 8529641472, 1 ], [ 9100908180, 1 ], [ 9441555200, 1 ], [ 10169903744, 1 ], [ 10776585600, 2 ], [ 13904165275, 2 ],
  [ 14507059905, 1 ], [ 17068369920, 1 ], [ 17161712568, 1 ], [ 18481844304, 2 ], [ 25027497495, 1 ], 
  [ 27808330550, 1 ], [ 29444114700, 1 ], [ 35594663104, 1 ], [ 36858678129, 1 ], [ 37337059200, 1 ], 
  [ 38641860608, 1 ], [ 40043995992, 1 ], [ 44493328880, 1 ], [ 45049495491, 1 ], [ 46602926370, 1 ], 
  [ 54234085491, 1 ], [ 54481627200, 2 ], [ 55616661100, 1 ], [ 63831063582, 1 ], [ 65393917952, 2 ], 
  [ 67331776512, 1 ], [ 71189326208, 1 ], [ 74887473024, 1 ], [ 77007684600, 2 ], [ 77108871168, 1 ], 
  [ 77379702400, 1 ], [ 102385217025, 1 ], [ 111233322200, 2 ], [ 118588933386, 1 ], [ 132390354096, 2 ], 
  [ 139317477376, 1 ], [ 140095612800, 2 ], [ 142169187069, 1 ], [ 142378652416, 1 ], [ 145650089984, 1 ], 
  [ 150201655296, 1 ], [ 151397207325, 2 ], [ 156321775827, 2 ], [ 160313753600, 1 ], [ 164572397352, 2 ], 
  [ 169598100672, 1 ], [ 178514751987, 1 ], [ 184117100544, 1 ], [ 190685695200, 1 ], [ 197813862400, 2 ], 
  [ 200219979960, 2 ], [ 205353825600, 2 ], [ 205940550816, 1 ], [ 222758961152, 1 ], [ 225247477455, 1 ], 
  [ 250274974950, 1 ], [ 282049015248, 1 ], [ 336033532800, 1 ] ]
3.F3+ [ 783, 64584, 306153, 306153, 6724809, 19034730, 25356672, 43779879, 195019461, 195019461, 203843871, 
  216154575, 216154575, 330032934, 1050717096, 1152161010, 1152161010, 1255560075, 1255560075, 1349587008, 
  1349587008, 1553430879, 1818548820, 2400239520, 2801912256, 3264456195, 4290428142, 4416617205, 4620461076, 
  8250621525, 8250621525, 8993909925, 8993909925, 9456453864, 10726070355, 12258366120, 14507059905, 15016498497, 
  21014341920, 21096751104, 21122107776, 21842179632, 34128405675, 34128405675, 41785039296, 63831063582, 
  78346948680, 80256172032, 80256172032, 84057367680, 103562058600, 115511526900, 120131987976, 135605256192, 
  135605256192, 142169187069, 150164984970, 151397207325, 151397207325, 154455413112, 160255122300, 178514751987, 
  185161334400, 203775436800, 210555861318, 215861428224, 256966819200, 259900935525, 274587401088, 274910709213, 
  295709508864, 358644768768, 375412462425, 405445459419 ]

 ----HS---- 
[ [ 1, 1 ], [ 22, 1 ], [ 77, 1 ], [ 154, 3 ], [ 175, 1 ], [ 231, 1 ], [ 693, 1 ], [ 770, 3 ], [ 825, 1 ], [ 896, 2 ], 
  [ 1056, 1 ], [ 1386, 1 ], [ 1408, 1 ], [ 1750, 1 ], [ 1925, 2 ], [ 2520, 1 ], [ 2750, 1 ], [ 3200, 1 ] ]
2.HS [ 56, 176, 176, 616, 616, 924, 924, 1000, 1232, 1232, 1792, 1848, 1980, 1980, 2304, 2304, 2520, 2520 ]

 ----McL---- 
[ [ 1, 1 ], [ 22, 1 ], [ 231, 1 ], [ 252, 1 ], [ 770, 2 ], [ 896, 2 ], [ 1750, 1 ], [ 3520, 2 ], [ 4500, 1 ], 
  [ 4752, 1 ], [ 5103, 1 ], [ 5544, 1 ], [ 8019, 2 ], [ 8250, 2 ], [ 9625, 1 ], [ 9856, 2 ], [ 10395, 2 ] ]
3.McL [ 126, 126, 792, 1980, 2376, 2376, 2520, 2520, 2772, 4752, 5103, 6336, 6336, 7875, 8019, 8019, 8064, 10395, 
  10395, 10395, 12375 ]

 ----Ru---- 
[ [ 1, 1 ], [ 378, 2 ], [ 406, 1 ], [ 783, 1 ], [ 3276, 1 ], [ 3654, 1 ], [ 20475, 1 ], [ 21750, 1 ], [ 23751, 1 ], 
  [ 27000, 3 ], [ 27405, 1 ], [ 34944, 2 ], [ 43848, 3 ], [ 45500, 1 ], [ 52780, 1 ], [ 63336, 1 ], [ 65975, 1 ], 
  [ 71253, 1 ], [ 75400, 1 ], [ 76125, 1 ], [ 81432, 1 ], [ 91350, 1 ], [ 95004, 1 ], [ 98280, 2 ], [ 102400, 1 ], 
  [ 105560, 1 ], [ 110592, 2 ], [ 118784, 1 ] ]
2.Ru [ 28, 28, 1248, 1248, 3276, 3276, 4032, 4032, 7280, 7280, 7308, 7308, 8192, 8192, 10556, 10556, 34944, 38976, 
  38976, 48256, 87696, 98280, 98280, 221184, 250560 ]

 ----Suz---- 
[ [ 1, 1 ], [ 143, 1 ], [ 364, 1 ], [ 780, 1 ], [ 1001, 1 ], [ 3432, 1 ], [ 5005, 2 ], [ 5940, 1 ], [ 10725, 1 ], 
  [ 12012, 1 ], [ 14300, 1 ], [ 15015, 2 ], [ 15795, 1 ], [ 18954, 1 ], [ 25025, 3 ], [ 40040, 1 ], [ 50050, 2 ], 
  [ 54054, 1 ], [ 64064, 1 ], [ 64350, 2 ], [ 66560, 1 ], [ 75075, 1 ], [ 79872, 1 ], [ 88452, 1 ], [ 93555, 2 ], 
  [ 100100, 1 ], [ 133056, 1 ], [ 146432, 1 ], [ 163800, 1 ], [ 168960, 1 ], [ 189540, 1 ], [ 193050, 1 ], 
  [ 197120, 1 ], [ 208494, 1 ], [ 243243, 1 ], [ 248832, 1 ] ]
2.Suz [ 220, 364, 364, 572, 572, 4928, 16016, 16016, 20020, 20020, 35100, 35100, 35100, 35100, 60060, 60060, 61236, 
  61236, 79872, 79872, 80080, 80080, 100100, 102400, 128128, 137280, 144144, 144144, 192192, 197120, 228800, 277200, 
  315392 ]
3.Suz [ 66, 78, 429, 1365, 1716, 2145, 2925, 2925, 3003, 4290, 5103, 5103, 6720, 18954, 21450, 23100, 24024, 27027, 
  30888, 42900, 51975, 60060, 64350, 75075, 75075, 85800, 104247, 108108, 133056, 135135, 139776, 160380, 180180, 
  189540, 193050, 208494, 225225, 331695 ]
6.Suz [ 12, 780, 924, 4368, 4368, 8580, 11088, 11088, 12012, 12012, 12012, 23100, 27456, 27456, 35100, 35100, 42900, 
  61236, 61236, 77220, 105600, 112320, 139776, 144144, 144144, 171600, 180180, 300300, 436800 ]

 ----ON---- 
[ [ 1, 1 ], [ 10944, 1 ], [ 13376, 2 ], [ 25916, 2 ], [ 26752, 1 ], [ 32395, 2 ], [ 37696, 1 ], [ 52668, 1 ], 
  [ 58311, 3 ], [ 58653, 1 ], [ 64790, 2 ], [ 85064, 1 ], [ 116963, 1 ], [ 143374, 1 ], [ 169290, 2 ], [ 175616, 2 ], 
  [ 175770, 1 ], [ 207360, 3 ], [ 234080, 2 ] ]
3.ON [ 342, 342, 495, 495, 5643, 5643, 5643, 52668, 52668, 58311, 58653, 63612, 111321, 116622, 122760, 169290, 
  169290, 169632, 169632, 175770, 207360, 207360, 207360, 253440, 253440 ]

 ----L3(2)---- 
[ [ 1, 1 ], [ 3, 2 ], [ 6, 1 ], [ 7, 1 ], [ 8, 1 ] ]
2.L3(2) [ 4, 4, 6, 6, 8 ]

 ----L3(4)---- 
[ [ 1, 1 ], [ 20, 1 ], [ 35, 3 ], [ 45, 2 ], [ 63, 2 ], [ 64, 1 ] ]
2.L3(4) [ 10, 10, 28, 28, 36, 64, 70, 90 ]
3.L3(4) [ 15, 15, 15, 21, 45, 45, 63, 63, 84 ]
6.L3(4) [ 6, 36, 42, 42, 60, 60, 90 ]
4_1.L3(4) [ 8, 8, 56, 64, 80, 80 ]
4_2.L3(4) [ 20, 28, 28, 36, 64, 80, 80 ]
12_1.L3(4) [ 24, 24, 48, 48, 120 ]
12_2.L3(4) [ 36, 48, 48, 60, 60, 84 ]

 ----L4(3)---- 
[ [ 1, 1 ], [ 26, 2 ], [ 39, 1 ], [ 52, 1 ], [ 65, 2 ], [ 90, 1 ], [ 234, 2 ], [ 260, 3 ], [ 351, 1 ], [ 390, 1 ], 
  [ 416, 4 ], [ 468, 1 ], [ 585, 2 ], [ 640, 4 ], [ 729, 1 ], [ 780, 1 ], [ 1040, 1 ] ]
2.L4(3) [ 40, 208, 208, 208, 208, 260, 260, 416, 416, 416, 416, 480, 520, 520, 520, 640, 640, 640, 640, 780, 780, 
  1080 ]

 ----L2(27)---- 
[ [ 1, 1 ], [ 13, 2 ], [ 26, 6 ], [ 27, 1 ], [ 28, 6 ] ]
2.L2(27) [ 14, 14, 26, 26, 26, 26, 26, 26, 26, 28, 28, 28, 28, 28, 28 ]

 ----L4(5)---- 
[ [ 1, 1 ], [ 155, 1 ], [ 403, 2 ], [ 496, 1 ], [ 650, 1 ], [ 3224, 6 ], [ 3875, 1 ], [ 4030, 1 ], [ 4836, 1 ], 
  [ 6448, 2 ], [ 10075, 2 ], [ 11904, 9 ], [ 12400, 1 ], [ 12896, 2 ], [ 14976, 10 ], [ 15625, 1 ], [ 16120, 2 ], 
  [ 19344, 4 ], [ 24180, 1 ] ]
2.L4(5) [ 156, 19500, 19344, 19344, 19344, 19344, 14976, 14976, 14976, 14976, 14976, 14976, 14976, 14976, 14976, 
  14976, 4680, 11904, 11904, 11904, 11904, 11904, 11904, 11904, 11904, 11904, 12896, 12896, 20150, 806, 3224, 3224, 
  4030, 4030, 16120, 16120, 12400, 6448, 6200, 496, 248, 6448, 248, 6200, 7254, 7254, 7254, 7254 ]

 ----L2(25)---- 
[ [ 1, 1 ], [ 13, 2 ], [ 24, 6 ], [ 25, 1 ], [ 26, 5 ] ]
2.L2(25) [ 12, 12, 24, 24, 24, 24, 24, 24, 26, 26, 26, 26, 26, 26 ]

 ----L2(125)---- 
[ [ 1, 1 ], [ 63, 2 ], [ 124, 31 ], [ 125, 1 ], [ 126, 30 ] ]
No projective info 

 ----L3(7)---- 
[ [ 1, 1 ], [ 56, 1 ], [ 57, 1 ], [ 152, 3 ], [ 288, 6 ], [ 342, 7 ], [ 343, 1 ], [ 399, 1 ], [ 456, 1 ] ]
3.L3(7) [ 57, 57, 96, 96, 96, 288, 288, 288, 288, 288, 288, 342, 342, 342, 342, 342, 342, 342, 399, 399, 456 ]

 ----L2(49)---- 
[ [ 1, 1 ], [ 25, 2 ], [ 48, 12 ], [ 49, 1 ], [ 50, 11 ] ]
2.L2(49) [ 24, 24, 48, 48, 48, 48, 48, 48, 48, 48, 48, 48, 48, 48, 50, 50, 50, 50, 50, 50, 50, 50, 50, 50, 50, 50 ]

 ----L2(11)---- 
[ [ 1, 1 ], [ 5, 2 ], [ 10, 2 ], [ 11, 1 ], [ 12, 2 ] ]
2.L2(11) [ 6, 6, 10, 10, 10, 12, 12 ]

 ----L2(13)---- 
[ [ 1, 1 ], [ 7, 2 ], [ 12, 3 ], [ 13, 1 ], [ 14, 2 ] ]
2.L2(13) [ 6, 6, 12, 12, 12, 14, 14, 14 ]

 ----L2(17)---- 
[ [ 1, 1 ], [ 9, 2 ], [ 16, 4 ], [ 17, 1 ], [ 18, 3 ] ]
2.L2(17) [ 8, 8, 16, 16, 16, 16, 18, 18, 18, 18 ]

 ----L2(19)---- 
[ [ 1, 1 ], [ 9, 2 ], [ 18, 4 ], [ 19, 1 ], [ 20, 4 ] ]
2.L2(19) [ 10, 10, 18, 18, 18, 18, 18, 20, 20, 20, 20 ]

 ----L2(23)---- 
[ [ 1, 1 ], [ 11, 2 ], [ 22, 5 ], [ 23, 1 ], [ 24, 5 ] ]
2.L2(23) [ 12, 12, 22, 22, 22, 22, 22, 22, 24, 24, 24, 24, 24 ]

 ----L2(29)---- 
[ [ 1, 1 ], [ 15, 2 ], [ 28, 7 ], [ 29, 1 ], [ 30, 6 ] ]
2.L2(29) [ 14, 14, 28, 28, 28, 28, 28, 28, 28, 30, 30, 30, 30, 30, 30, 30 ]

 ----L2(31)---- 
[ [ 1, 1 ], [ 15, 2 ], [ 30, 7 ], [ 31, 1 ], [ 32, 7 ] ]
2.L2(31) [ 16, 16, 30, 30, 30, 30, 30, 30, 30, 30, 32, 32, 32, 32, 32, 32, 32 ]

 ----O7(2)---- 
[ [ 1, 1 ], [ 7, 1 ], [ 15, 1 ], [ 21, 2 ], [ 27, 1 ], [ 35, 2 ], [ 56, 1 ], [ 70, 1 ], [ 84, 1 ], [ 105, 3 ], 
  [ 120, 1 ], [ 168, 1 ], [ 189, 3 ], [ 210, 2 ], [ 216, 1 ], [ 280, 2 ], [ 315, 1 ], [ 336, 1 ], [ 378, 1 ], 
  [ 405, 1 ], [ 420, 1 ], [ 512, 1 ] ]
2.S6(2) [ 8, 48, 64, 64, 112, 112, 120, 168, 280, 448, 512, 560, 720 ]

 ----O7(3)---- 
[ [ 1, 1 ], [ 78, 1 ], [ 91, 1 ], [ 105, 1 ], [ 168, 1 ], [ 182, 1 ], [ 195, 1 ], [ 260, 2 ], [ 273, 1 ], [ 546, 1 ], 
  [ 819, 1 ], [ 910, 2 ], [ 1092, 1 ], [ 1365, 2 ], [ 1560, 2 ], [ 1638, 1 ], [ 1820, 1 ], [ 2106, 1 ], [ 2184, 1 ], 
  [ 2457, 1 ], [ 2730, 2 ], [ 2835, 1 ], [ 4095, 2 ], [ 4368, 1 ], [ 4536, 1 ], [ 5265, 1 ], [ 5460, 3 ], 
  [ 5824, 2 ], [ 6552, 1 ], [ 7020, 2 ], [ 7280, 3 ], [ 7371, 1 ], [ 8190, 2 ], [ 11648, 1 ], [ 14742, 1 ], 
  [ 16380, 1 ], [ 16640, 2 ], [ 17472, 2 ], [ 17920, 2 ], [ 19683, 1 ], [ 21840, 1 ], [ 22113, 1 ] ]
2.O7(3) [ 520, 560, 560, 1456, 1456, 1456, 3120, 3640, 6720, 6720, 7280, 7280, 7280, 7280, 10920, 11648, 11648, 
  13104, 13104, 13104, 14040, 15120, 15120, 16640, 16640, 17920, 17920, 21840, 21840, 23296 ]
3.O7(3) [ 27, 351, 351, 378, 1728, 1728, 2457, 2457, 2457, 2808, 2808, 4914, 4914, 5265, 7020, 7371, 7371, 7560, 
  7560, 9477, 9828, 12285, 12285, 12285, 12285, 12285, 14742, 16848, 19656, 19656, 19683, 22464, 22464, 24192 ]
6.O7(3) [ 4536, 12096, 12096, 14040, 15120, 19656, 20736, 22464, 22464, 24192, 24192, 29160 ]

 ----S6(3)---- 
[ [ 1, 1 ], [ 13, 2 ], [ 78, 1 ], [ 91, 2 ], [ 105, 1 ], [ 168, 1 ], [ 195, 1 ], [ 273, 2 ], [ 455, 2 ], [ 546, 2 ], 
  [ 728, 2 ], [ 819, 1 ], [ 1170, 2 ], [ 1365, 6 ], [ 1820, 3 ], [ 2106, 1 ], [ 2184, 2 ], [ 2457, 3 ], [ 2730, 1 ], 
  [ 2835, 1 ], [ 3640, 2 ], [ 4095, 2 ], [ 4536, 1 ], [ 5265, 1 ], [ 5460, 4 ], [ 5824, 3 ], [ 6552, 2 ], 
  [ 7371, 2 ], [ 8190, 1 ], [ 9477, 2 ], [ 10920, 2 ], [ 11648, 3 ], [ 12285, 2 ], [ 14560, 3 ], [ 16380, 1 ], 
  [ 16640, 2 ], [ 17472, 1 ], [ 17920, 2 ], [ 19683, 1 ] ]
2.S6(3) [ 14, 14, 182, 182, 182, 364, 364, 520, 546, 546, 910, 910, 1092, 1092, 1092, 1092, 1092, 1260, 1260, 1820, 
  1820, 2730, 2730, 2730, 2730, 2730, 2730, 3120, 3276, 3276, 3640, 3640, 4368, 4368, 4368, 4914, 4914, 5460, 5460, 
  5460, 5824, 5824, 5824, 7280, 7280, 7280, 8190, 8190, 9828, 9828, 10206, 10206, 10920, 10920, 11648, 11648, 11648, 
  14040, 14742, 14742, 14742, 16640, 16640, 17472, 17920, 17920, 21840 ]

 ----O5(5)---- 
[ [ 1, 1 ], [ 13, 2 ], [ 40, 1 ], [ 65, 2 ], [ 78, 2 ], [ 90, 1 ], [ 104, 3 ], [ 130, 1 ], [ 156, 1 ], [ 208, 2 ], 
  [ 312, 4 ], [ 325, 2 ], [ 390, 2 ], [ 520, 3 ], [ 576, 3 ], [ 624, 2 ], [ 625, 1 ], [ 780, 1 ] ]
2.S4(5) [ 12, 12, 52, 52, 104, 156, 208, 208, 260, 260, 300, 300, 312, 312, 416, 468, 468, 520, 576, 576, 576, 624, 
  624, 624, 624, 780 ]

 ----O7(5)---- 
[ [ 1, 1 ], [ 651, 1 ], [ 1240, 1 ], [ 1365, 1 ], [ 1890, 1 ], [ 2015, 1 ], [ 2604, 2 ], [ 3255, 1 ], [ 3906, 1 ], 
  [ 9828, 2 ], [ 12896, 1 ], [ 16275, 1 ], [ 26040, 1 ], [ 42315, 2 ], [ 50778, 2 ], [ 58590, 1 ], [ 67704, 3 ], 
  [ 81375, 1 ], [ 101556, 1 ], [ 104160, 2 ], [ 130200, 1 ], [ 155000, 1 ], [ 156240, 1 ], [ 169260, 4 ], 
  [ 170625, 1 ], [ 211575, 2 ], [ 234360, 2 ], [ 236250, 1 ], [ 251875, 1 ], [ 253890, 2 ], [ 257920, 1 ], 
  [ 270816, 2 ], [ 292950, 1 ], [ 294840, 2 ], [ 338520, 6 ], [ 351540, 1 ], [ 374976, 6 ], [ 406224, 8 ], 
  [ 406875, 1 ], [ 507780, 3 ], [ 812448, 2 ], [ 1218672, 4 ], [ 1228500, 2 ], [ 1269450, 2 ], [ 1354080, 2 ], 
  [ 1499904, 6 ], [ 1612000, 1 ], [ 1624896, 4 ], [ 1627500, 2 ], [ 1692600, 3 ], [ 1857024, 10 ], [ 1874880, 6 ], 
  [ 1886976, 10 ], [ 1953125, 1 ], [ 2031120, 8 ], [ 2034375, 1 ], [ 2249856, 3 ], [ 2437344, 1 ], [ 2441250, 1 ], 
  [ 2538900, 1 ] ]
No projective info 

 ----S6(5)---- 
[ [ 1, 1 ], [ 63, 2 ], [ 1240, 1 ], [ 1365, 1 ], [ 1890, 1 ], [ 1953, 2 ], [ 2015, 1 ], [ 2604, 1 ], [ 8463, 2 ], 
  [ 9765, 2 ], [ 12896, 1 ], [ 16275, 1 ], [ 31248, 2 ], [ 33852, 2 ], [ 40950, 2 ], [ 42315, 2 ], [ 46872, 2 ], 
  [ 67704, 2 ], [ 78120, 2 ], [ 81375, 1 ], [ 84630, 1 ], [ 101556, 1 ], [ 104160, 1 ], [ 126945, 4 ], [ 135408, 2 ], 
  [ 155000, 1 ], [ 169260, 2 ], [ 170625, 1 ], [ 175770, 2 ], [ 203112, 8 ], [ 211575, 2 ], [ 234360, 1 ], 
  [ 236250, 1 ], [ 244125, 2 ], [ 251875, 1 ], [ 257920, 1 ], [ 270816, 1 ], [ 304668, 2 ], [ 338520, 5 ], 
  [ 374976, 3 ], [ 406224, 3 ], [ 423150, 1 ], [ 507780, 2 ], [ 541632, 2 ], [ 677040, 2 ], [ 749952, 6 ], 
  [ 781200, 2 ], [ 812448, 8 ], [ 846300, 2 ], [ 984375, 2 ], [ 1015560, 8 ], [ 1057875, 2 ], [ 1124928, 6 ], 
  [ 1171800, 2 ], [ 1218672, 4 ], [ 1220625, 2 ], [ 1354080, 1 ], [ 1499904, 6 ], [ 1523340, 2 ], [ 1612000, 1 ], 
  [ 1624896, 5 ], [ 1627500, 1 ], [ 1692600, 2 ], [ 1857024, 10 ], [ 1874880, 3 ], [ 1886976, 10 ], [ 1953125, 1 ], 
  [ 2031120, 3 ], [ 2249856, 3 ], [ 2437344, 3 ], [ 2538900, 1 ] ]
No projective info 

 ----O5(7)---- 
[ [ 1, 1 ], [ 25, 2 ], [ 126, 1 ], [ 150, 2 ], [ 175, 2 ], [ 224, 1 ], [ 300, 4 ], [ 350, 1 ], [ 400, 3 ], 
  [ 900, 2 ], [ 1050, 2 ], [ 1200, 6 ], [ 1225, 2 ], [ 1600, 2 ], [ 1800, 1 ], [ 2100, 4 ], [ 2304, 6 ], [ 2400, 6 ], 
  [ 2401, 1 ], [ 2800, 3 ] ]
No projective info 

 ----O8+(2)---- 
[ [ 1, 1 ], [ 28, 1 ], [ 35, 3 ], [ 50, 1 ], [ 84, 3 ], [ 175, 1 ], [ 210, 3 ], [ 300, 1 ], [ 350, 1 ], [ 525, 1 ], 
  [ 567, 3 ], [ 700, 4 ], [ 840, 3 ], [ 972, 1 ], [ 1050, 3 ], [ 1344, 3 ], [ 1400, 1 ], [ 1575, 3 ], [ 2100, 3 ], 
  [ 2240, 3 ], [ 2268, 3 ], [ 2835, 3 ], [ 3200, 1 ], [ 4096, 1 ], [ 4200, 1 ], [ 6075, 1 ] ]
2.O8+(2) [ 8, 56, 112, 160, 224, 224, 400, 448, 560, 672, 672, 840, 1008, 1008, 1008, 1296, 1400, 1400, 2400, 2800, 
  2800, 2800, 3240, 3360, 3584, 3584, 4096, 4200, 4536, 5600 ]

 ----O8+(3)---- 
[ [ 1, 1 ], [ 260, 6 ], [ 300, 1 ], [ 819, 3 ], [ 2275, 4 ], [ 2808, 1 ], [ 5460, 6 ], [ 9450, 1 ], [ 17550, 1 ], 
  [ 18200, 5 ], [ 23400, 6 ], [ 24192, 1 ], [ 27300, 1 ], [ 29120, 6 ], [ 40950, 6 ], [ 46592, 3 ], [ 49140, 6 ], 
  [ 54600, 7 ], [ 66339, 3 ], [ 163800, 3 ], [ 184275, 4 ], [ 189540, 6 ], [ 218700, 1 ], [ 232960, 6 ], 
  [ 245700, 1 ], [ 262080, 6 ], [ 291200, 5 ], [ 332800, 4 ], [ 419328, 3 ], [ 465920, 3 ], [ 491400, 1 ], 
  [ 531441, 1 ], [ 716800, 2 ] ]
2.O8+(3) [ 520, 560, 560, 1456, 1456, 1456, 1456, 10400, 10920, 18200, 18200, 21840, 21840, 26208, 26208, 46592, 
  46800, 50400, 50400, 62400, 72800, 72800, 72800, 72800, 72800, 72800, 72800, 72800, 72800, 72800, 72800, 72800, 
  72800, 98280, 109200, 117936, 117936, 117936, 117936, 163800, 163800, 186368, 186368, 186368, 186368, 196560, 
  196560, 218400, 218400, 218400, 218400, 218400, 218400, 218400, 218400, 218400, 218400, 232960, 232960, 232960, 
  232960, 232960, 232960, 280800, 332800, 332800, 332800, 332800, 379080, 408240, 408240, 419328, 465920, 465920, 
  465920, 465920, 465920, 655200, 716800, 716800 ]

 ----F4(2)---- 
[ [ 1, 1 ], [ 833, 1 ], [ 1105, 2 ], [ 1326, 1 ], [ 1377, 1 ], [ 21658, 1 ], [ 22932, 1 ], [ 23205, 2 ], 
  [ 44200, 2 ], [ 63700, 1 ], [ 99450, 2 ], [ 142884, 2 ], [ 162435, 2 ], [ 183600, 2 ], [ 216580, 2 ], 
  [ 249900, 1 ], [ 269892, 1 ], [ 270725, 1 ], [ 322218, 1 ], [ 348075, 2 ], [ 358020, 2 ], [ 519792, 1 ], 
  [ 541450, 4 ], [ 584766, 1 ], [ 626535, 2 ], [ 812175, 2 ], [ 877149, 2 ], [ 947700, 1 ], [ 1082900, 1 ], 
  [ 1299480, 2 ], [ 1342575, 2 ], [ 1949220, 2 ], [ 2165800, 2 ], [ 2784600, 2 ], [ 2828800, 2 ], [ 3411968, 1 ], 
  [ 3898440, 2 ], [ 4331600, 2 ], [ 4385745, 4 ], [ 4526080, 2 ], [ 5012280, 2 ], [ 5640192, 1 ], [ 5870592, 1 ], 
  [ 6497400, 2 ], [ 7309575, 2 ], [ 7894341, 1 ], [ 8055450, 2 ], [ 8771490, 2 ], [ 9398025, 2 ], [ 10740600, 2 ], 
  [ 11609325, 2 ], [ 11880960, 2 ], [ 14034384, 1 ], [ 14619150, 2 ], [ 15181425, 1 ], [ 16777216, 1 ], 
  [ 17326400, 1 ] ]
2.F4(2) [ 52, 2380, 2380, 12376, 12376, 22100, 43316, 46800, 55080, 55080, 424320, 424320, 433160, 433160, 565760, 
  572832, 572832, 716040, 716040, 1082900, 1082900, 1082900, 1146600, 1233792, 1233792, 1299480, 1299480, 1503684, 
  1503684, 1591200, 1591200, 1949220, 1949220, 2165800, 2772224, 2772224, 2784600, 2784600, 3572100, 3572100, 
  4798080, 4798080, 4950400, 4950400, 5012280, 5012280, 5370300, 5370300, 5728320, 5728320, 6497400, 6497400, 
  6873984, 6873984, 6930560, 6930560, 7017192, 7017192, 7429968, 8663200, 8663200, 9052160, 9547200, 10795680, 
  10795680, 11456640, 11456640, 12475008, 12475008, 13861120, 13861120, 15163200, 15163200, 16307200, 16777216 ]

 ----G2(4)---- 
[ [ 1, 1 ], [ 65, 1 ], [ 78, 1 ], [ 300, 2 ], [ 350, 1 ], [ 364, 2 ], [ 378, 1 ], [ 650, 1 ], [ 819, 4 ], 
  [ 1300, 1 ], [ 1365, 1 ], [ 2925, 3 ], [ 3276, 4 ], [ 4095, 4 ], [ 4096, 1 ], [ 4160, 1 ], [ 4725, 2 ], [ 5460, 1 ] 
 ]
2.G2(4) [ 12, 104, 104, 364, 560, 1260, 1800, 1800, 1820, 1820, 2016, 2184, 2184, 3276, 3600, 3744, 3744, 3900, 3900, 
  4096, 5824, 5824, 7488 ]

 ----G2(3)---- 
[ [ 1, 1 ], [ 14, 1 ], [ 64, 2 ], [ 78, 1 ], [ 91, 3 ], [ 104, 1 ], [ 168, 1 ], [ 182, 2 ], [ 273, 2 ], [ 448, 2 ], 
  [ 546, 2 ], [ 728, 2 ], [ 729, 1 ], [ 819, 1 ], [ 832, 1 ] ]
3.G2(3) [ 27, 27, 189, 189, 351, 351, 351, 378, 378, 729, 1728 ]

 ----U4(2)---- 
[ [ 1, 1 ], [ 5, 2 ], [ 6, 1 ], [ 10, 2 ], [ 15, 2 ], [ 20, 1 ], [ 24, 1 ], [ 30, 3 ], [ 40, 2 ], [ 45, 2 ], 
  [ 60, 1 ], [ 64, 1 ], [ 81, 1 ] ]
2.U4(2) [ 4, 4, 20, 20, 20, 20, 20, 36, 36, 60, 60, 60, 64, 80 ]

 ----U6(2)---- 
[ [ 1, 1 ], [ 22, 1 ], [ 231, 1 ], [ 252, 1 ], [ 385, 1 ], [ 440, 1 ], [ 560, 1 ], [ 616, 1 ], [ 770, 2 ], 
  [ 1155, 3 ], [ 1386, 1 ], [ 1540, 1 ], [ 3080, 2 ], [ 3520, 1 ], [ 4620, 1 ], [ 4928, 1 ], [ 5544, 1 ], 
  [ 6160, 2 ], [ 6930, 1 ], [ 8064, 1 ], [ 9240, 3 ], [ 10395, 5 ], [ 11264, 1 ], [ 13860, 1 ], [ 14784, 1 ], 
  [ 18711, 2 ], [ 20790, 2 ], [ 24640, 1 ], [ 25515, 2 ], [ 32768, 1 ], [ 37422, 1 ], [ 40095, 1 ] ]
2.U6(2) [ 56, 176, 616, 792, 1232, 2464, 3080, 3360, 3360, 5544, 6160, 6160, 6160, 7776, 9856, 11264, 12320, 12320, 
  12320, 13608, 15840, 18480, 21384, 22176, 24640, 24640, 24640, 27720, 30240, 32768, 44352 ]
3.U6(2) [ 21, 210, 231, 462, 924, 1155, 1386, 1485, 1485, 1485, 2310, 2310, 2520, 2772, 3465, 3465, 3465, 3465, 3696, 
  4620, 4620, 5544, 6720, 6930, 9240, 9240, 10395, 11088, 11880, 11880, 11880, 14784, 18480, 18711, 18711, 20790, 
  21504, 25515, 25515, 27720, 29568, 37422, 40095 ]
6.U6(2) [ 120, 672, 1056, 1848, 2640, 3696, 5544, 6336, 7392, 7392, 7776, 9240, 9240, 13608, 14784, 15120, 15120, 
  18480, 18480, 21120, 21384, 21504, 22176, 22176, 27720, 36960, 36960, 36960 ]

 ----U3(8)---- 
[ [ 1, 1 ], [ 56, 1 ], [ 57, 2 ], [ 133, 3 ], [ 399, 3 ], [ 456, 2 ], [ 512, 1 ], [ 513, 9 ], [ 567, 6 ] ]
3.U3(8) [ 57, 57, 57, 189, 189, 189, 399, 399, 399, 456, 456, 456, 513, 513, 513, 513, 513, 513, 513, 513, 513, 567, 
  567, 567, 567, 567, 567 ]

 ----U4(3)---- 
[ [ 1, 1 ], [ 21, 1 ], [ 35, 2 ], [ 90, 1 ], [ 140, 1 ], [ 189, 1 ], [ 210, 1 ], [ 280, 4 ], [ 315, 2 ], [ 420, 1 ], 
  [ 560, 1 ], [ 640, 2 ], [ 729, 1 ], [ 896, 1 ] ]
2.U4(3) [ 20, 56, 56, 70, 70, 70, 70, 70, 120, 210, 210, 504, 504, 540, 560, 630, 640, 640, 896 ]
4.U4(3) [ 20, 120, 140, 224, 224, 224, 224, 280, 280, 280, 420, 540, 640, 640, 840, 896 ]
3_1.U4(3) [ 15, 21, 105, 105, 105, 210, 315, 336, 360, 360, 384, 420, 630, 729, 756, 945 ]
3_2.U4(3) [ 36, 45, 45, 126, 189, 315, 315, 315, 630, 720, 729, 756, 945 ]
6_1.U4(3) [ 6, 84, 120, 126, 210, 270, 270, 336, 384, 420, 630, 630, 630, 840, 840 ]
6_2.U4(3) [ 90, 126, 126, 126, 126, 270, 270, 504, 540, 630, 720, 1260 ]
12_1.U4(3) [ 84, 120, 216, 384, 420, 420, 480, 480, 504, 756, 840, 840 ]
12_2.U4(3) [ 36, 216, 360, 360, 504, 504, 540, 756, 1260 ]

 ----U3(5)---- 
[ [ 1, 1 ], [ 20, 1 ], [ 21, 1 ], [ 28, 3 ], [ 84, 1 ], [ 105, 1 ], [ 125, 1 ], [ 126, 3 ], [ 144, 2 ] ]
3.U3(5) [ 21, 21, 48, 48, 48, 84, 105, 105, 126, 126, 126, 144, 144 ]

 ----U4(5)---- 
[ [ 1, 1 ], [ 104, 2 ], [ 105, 1 ], [ 273, 2 ], [ 378, 2 ], [ 546, 2 ], [ 650, 1 ], [ 756, 1 ], [ 2080, 2 ], 
  [ 2184, 4 ], [ 2625, 1 ], [ 2730, 5 ], [ 3276, 3 ], [ 4368, 2 ], [ 6825, 2 ], [ 8736, 1 ], [ 9450, 2 ], 
  [ 9828, 4 ], [ 10920, 4 ], [ 13000, 2 ], [ 13104, 12 ], [ 13650, 2 ], [ 14976, 20 ], [ 15625, 1 ], [ 16380, 3 ], 
  [ 18144, 12 ], [ 18900, 1 ], [ 19656, 2 ] ]
No projective info 

 ----O8-(2)---- 
[ [ 1, 1 ], [ 34, 1 ], [ 51, 1 ], [ 84, 1 ], [ 204, 2 ], [ 357, 1 ], [ 476, 2 ], [ 595, 1 ], [ 714, 2 ], [ 1020, 1 ], 
  [ 1071, 4 ], [ 1190, 1 ], [ 1344, 1 ], [ 1428, 1 ], [ 2142, 4 ], [ 2176, 1 ], [ 2295, 3 ], [ 2835, 4 ], 
  [ 2856, 2 ], [ 3264, 1 ], [ 4096, 1 ], [ 4284, 1 ], [ 4760, 1 ], [ 5355, 1 ] ]
No projective info 

 ----Sz(8)---- 
[ [ 1, 1 ], [ 14, 2 ], [ 35, 3 ], [ 64, 1 ], [ 65, 3 ], [ 91, 1 ] ]
2.Sz(8) [ 40, 40, 40, 56, 56, 56, 64, 104 ]


 ====Trivial Multiplier==== 


 ----M11---- 
[ [ 1, 1 ], [ 10, 3 ], [ 11, 1 ], [ 16, 2 ], [ 44, 1 ], [ 45, 1 ], [ 55, 1 ] ]

 ----M23---- 
[ [ 1, 1 ], [ 22, 1 ], [ 45, 2 ], [ 230, 1 ], [ 231, 3 ], [ 253, 1 ], [ 770, 2 ], [ 896, 2 ], [ 990, 2 ], 
  [ 1035, 1 ], [ 2024, 1 ] ]

 ----M24---- 
[ [ 1, 1 ], [ 23, 1 ], [ 45, 2 ], [ 231, 2 ], [ 252, 1 ], [ 253, 1 ], [ 483, 1 ], [ 770, 2 ], [ 990, 2 ], 
  [ 1035, 3 ], [ 1265, 1 ], [ 1771, 1 ], [ 2024, 1 ], [ 2277, 1 ], [ 3312, 1 ], [ 3520, 1 ], [ 5313, 1 ], 
  [ 5544, 1 ], [ 5796, 1 ], [ 10395, 1 ] ]

 ----J1---- 
[ [ 1, 1 ], [ 56, 2 ], [ 76, 2 ], [ 77, 3 ], [ 120, 3 ], [ 133, 3 ], [ 209, 1 ] ]

 ----Co2---- 
[ [ 1, 1 ], [ 23, 1 ], [ 253, 1 ], [ 275, 1 ], [ 1771, 1 ], [ 2024, 1 ], [ 2277, 1 ], [ 4025, 1 ], [ 7084, 1 ], 
  [ 9625, 2 ], [ 10395, 2 ], [ 12650, 1 ], [ 23000, 1 ], [ 31625, 2 ], [ 31878, 1 ], [ 37422, 1 ], [ 44275, 1 ], 
  [ 63250, 1 ], [ 91125, 2 ], [ 113850, 1 ], [ 129536, 1 ], [ 177100, 1 ], [ 184437, 1 ], [ 212520, 1 ], 
  [ 221375, 1 ], [ 226688, 1 ], [ 239085, 2 ], [ 245916, 1 ], [ 253000, 1 ], [ 284625, 1 ], [ 312984, 1 ], 
  [ 368874, 1 ], [ 398475, 2 ], [ 430353, 1 ], [ 442750, 1 ], [ 462000, 1 ], [ 467775, 1 ], [ 558900, 1 ], 
  [ 637560, 1 ], [ 664125, 3 ], [ 853875, 1 ], [ 1288000, 1 ], [ 1291059, 1 ], [ 1771000, 2 ], [ 1835008, 1 ], 
  [ 1943040, 1 ], [ 1992375, 1 ], [ 2004750, 1 ], [ 2040192, 1 ], [ 2072576, 1 ], [ 2095875, 1 ] ]

 ----Co3---- 
[ [ 1, 1 ], [ 23, 1 ], [ 253, 2 ], [ 275, 1 ], [ 896, 2 ], [ 1771, 1 ], [ 2024, 1 ], [ 3520, 2 ], [ 4025, 1 ], 
  [ 5544, 1 ], [ 7084, 1 ], [ 8855, 1 ], [ 9625, 2 ], [ 20608, 2 ], [ 23000, 1 ], [ 26082, 1 ], [ 31625, 3 ], 
  [ 31878, 1 ], [ 40250, 1 ], [ 57960, 1 ], [ 63250, 1 ], [ 73600, 1 ], [ 80960, 1 ], [ 91125, 1 ], [ 93312, 1 ], 
  [ 129536, 2 ], [ 177100, 1 ], [ 184437, 1 ], [ 221375, 1 ], [ 226688, 1 ], [ 246400, 1 ], [ 249480, 1 ], 
  [ 253000, 1 ], [ 255024, 1 ] ]

 ----Fi23---- 
[ [ 1, 1 ], [ 782, 1 ], [ 3588, 1 ], [ 5083, 1 ], [ 25806, 1 ], [ 30888, 1 ], [ 60996, 1 ], [ 106743, 1 ], 
  [ 111826, 1 ], [ 274482, 1 ], [ 279565, 1 ], [ 752675, 1 ], [ 789360, 1 ], [ 812889, 1 ], [ 837200, 2 ], 
  [ 850850, 2 ], [ 1677390, 1 ], [ 1951872, 1 ], [ 2236520, 1 ], [ 2322540, 1 ], [ 3913910, 1 ], [ 5533110, 1 ], 
  [ 6709560, 1 ], [ 7468032, 1 ], [ 8783424, 1 ], [ 9108736, 2 ], [ 10567557, 1 ], [ 10674300, 1 ], [ 12077208, 1 ], 
  [ 15096510, 1 ], [ 17892160, 1 ], [ 18812574, 1 ], [ 20322225, 1 ], [ 21135114, 1 ], [ 21348600, 1 ], 
  [ 22644765, 1 ], [ 26838240, 1 ], [ 28464800, 1 ], [ 29354325, 1 ], [ 35225190, 1 ], [ 37573536, 1 ], 
  [ 40840800, 1 ], [ 42270228, 1 ], [ 48034350, 1 ], [ 48308832, 1 ], [ 55740960, 1 ], [ 56360304, 2 ], 
  [ 57254912, 1 ], [ 58708650, 2 ], [ 65875680, 1 ], [ 73531392, 2 ], [ 78278200, 1 ], [ 93933840, 1 ], 
  [ 97976320, 1 ], [ 133398252, 1 ], [ 153014400, 2 ], [ 166559744, 2 ], [ 176125950, 2 ], [ 203802885, 1 ], 
  [ 207793431, 1 ], [ 211351140, 1 ], [ 216154575, 1 ], [ 216770400, 1 ], [ 244563462, 1 ], [ 263376036, 1 ], 
  [ 264188925, 1 ], [ 264536064, 2 ], [ 286274560, 1 ], [ 287721720, 1 ], [ 289027200, 2 ], [ 289103904, 1 ], 
  [ 313112800, 3 ], [ 322058880, 1 ], [ 336061440, 1 ], [ 341577600, 1 ], [ 343529472, 1 ], [ 352251900, 1 ], 
  [ 362316240, 1 ], [ 476702577, 1 ], [ 496897335, 1 ], [ 504627200, 2 ], [ 526752072, 1 ], [ 528377850, 1 ], 
  [ 559458900, 1 ] ]

 ----He---- 
[ [ 1, 1 ], [ 51, 2 ], [ 153, 2 ], [ 680, 1 ], [ 1029, 2 ], [ 1275, 3 ], [ 1920, 1 ], [ 4080, 1 ], [ 4352, 1 ], 
  [ 6272, 1 ], [ 6528, 1 ], [ 7497, 2 ], [ 7650, 3 ], [ 10880, 1 ], [ 11475, 2 ], [ 11900, 1 ], [ 13720, 1 ], 
  [ 14400, 1 ], [ 17493, 1 ], [ 20825, 1 ], [ 21504, 2 ], [ 22050, 1 ], [ 23324, 1 ] ]

 ----HN---- 
[ [ 1, 1 ], [ 133, 2 ], [ 760, 1 ], [ 3344, 1 ], [ 8778, 2 ], [ 8910, 1 ], [ 9405, 1 ], [ 16929, 1 ], [ 35112, 2 ], 
  [ 65835, 2 ], [ 69255, 2 ], [ 214016, 1 ], [ 267520, 1 ], [ 270864, 1 ], [ 365750, 1 ], [ 374528, 2 ], 
  [ 406296, 1 ], [ 653125, 1 ], [ 656250, 2 ], [ 718200, 2 ], [ 1053360, 1 ], [ 1066527, 2 ], [ 1185030, 1 ], 
  [ 1354320, 1 ], [ 1361920, 3 ], [ 1575936, 1 ], [ 1625184, 1 ], [ 2031480, 1 ], [ 2375000, 1 ], [ 2407680, 1 ], 
  [ 2661120, 1 ], [ 2784375, 1 ], [ 2985984, 1 ], [ 3200000, 1 ], [ 3424256, 1 ], [ 3878280, 1 ], [ 4156250, 1 ], 
  [ 4561920, 1 ], [ 4809375, 1 ], [ 5103000, 2 ], [ 5332635, 1 ], [ 5878125, 1 ] ]

 ----Th---- 
[ [ 1, 1 ], [ 248, 1 ], [ 4123, 1 ], [ 27000, 2 ], [ 30628, 1 ], [ 30875, 1 ], [ 61256, 1 ], [ 85995, 2 ], 
  [ 147250, 1 ], [ 767637, 2 ], [ 779247, 2 ], [ 957125, 1 ], [ 1707264, 2 ], [ 2450240, 1 ], [ 2572752, 1 ], 
  [ 3376737, 1 ], [ 4096000, 2 ], [ 4123000, 1 ], [ 4881384, 1 ], [ 4936750, 1 ], [ 6669000, 2 ], [ 6696000, 2 ], 
  [ 10822875, 1 ], [ 11577384, 1 ], [ 16539120, 1 ], [ 18154500, 1 ], [ 21326760, 2 ], [ 28861000, 1 ], 
  [ 30507008, 1 ], [ 40199250, 1 ], [ 44330496, 1 ], [ 51684750, 1 ], [ 72925515, 1 ], [ 76271625, 1 ], 
  [ 77376000, 1 ], [ 81153009, 1 ], [ 91171899, 1 ], [ 111321000, 1 ], [ 190373976, 1 ] ]

 ----L5(2)---- 
[ [ 1, 1 ], [ 30, 1 ], [ 124, 1 ], [ 155, 1 ], [ 217, 1 ], [ 280, 1 ], [ 315, 6 ], [ 465, 4 ], [ 496, 1 ], 
  [ 651, 3 ], [ 868, 1 ], [ 930, 3 ], [ 960, 1 ], [ 1024, 1 ], [ 1240, 1 ] ]

 ----L6(2)---- 
[ [ 1, 1 ], [ 62, 1 ], [ 217, 1 ], [ 588, 1 ], [ 651, 1 ], [ 744, 1 ], [ 1240, 1 ], [ 1395, 2 ], [ 4185, 2 ], 
  [ 4340, 1 ], [ 4557, 1 ], [ 5952, 1 ], [ 6480, 1 ], [ 9114, 2 ], [ 9765, 9 ], [ 9920, 1 ], [ 11160, 2 ], 
  [ 12555, 1 ], [ 13020, 1 ], [ 13671, 6 ], [ 13888, 1 ], [ 18228, 1 ], [ 18816, 1 ], [ 19845, 6 ], [ 25110, 2 ], 
  [ 27342, 3 ], [ 29295, 2 ], [ 31744, 1 ], [ 32768, 1 ], [ 33480, 2 ], [ 36456, 2 ], [ 41664, 1 ] ]

 ----L4(4)---- 
[ [ 1, 1 ], [ 84, 1 ], [ 85, 2 ], [ 189, 2 ], [ 272, 1 ], [ 357, 1 ], [ 1071, 6 ], [ 1344, 1 ], [ 1428, 2 ], 
  [ 1700, 2 ], [ 1785, 1 ], [ 2835, 20 ], [ 3024, 2 ], [ 3213, 5 ], [ 3825, 20 ], [ 4096, 1 ], [ 4284, 6 ], 
  [ 5355, 6 ], [ 5440, 2 ], [ 5712, 1 ], [ 7140, 1 ] ]

 ----L2(8)---- 
[ [ 1, 1 ], [ 7, 4 ], [ 8, 1 ], [ 9, 3 ] ]

 ----L2(16)---- 
[ [ 1, 1 ], [ 15, 8 ], [ 16, 1 ], [ 17, 7 ] ]

 ----L2(32)---- 
[ [ 1, 1 ], [ 31, 16 ], [ 32, 1 ], [ 33, 15 ] ]

 ----L2(64)---- 
[ [ 1, 1 ], [ 63, 32 ], [ 64, 1 ], [ 65, 31 ] ]

 ----L3(3)---- 
[ [ 1, 1 ], [ 12, 1 ], [ 13, 1 ], [ 16, 4 ], [ 26, 3 ], [ 27, 1 ], [ 39, 1 ] ]

 ----L5(3)---- 
[ [ 1, 1 ], [ 120, 1 ], [ 121, 1 ], [ 1089, 1 ], [ 1210, 1 ], [ 2420, 3 ], [ 3510, 1 ], [ 3630, 1 ], [ 4719, 1 ], 
  [ 6292, 3 ], [ 9801, 1 ], [ 10890, 1 ], [ 14520, 1 ], [ 19360, 8 ], [ 29040, 3 ], [ 29160, 1 ], [ 31460, 3 ], 
  [ 32670, 1 ], [ 33280, 24 ], [ 38720, 12 ], [ 42471, 1 ], [ 43560, 1 ], [ 50336, 18 ], [ 56628, 3 ], [ 58080, 8 ], 
  [ 59049, 1 ], [ 62920, 3 ], [ 65340, 3 ], [ 77440, 4 ], [ 88209, 1 ], [ 94380, 3 ], [ 98010, 1 ] ]

 ----L3(9)---- 
[ [ 1, 1 ], [ 90, 1 ], [ 91, 7 ], [ 640, 30 ], [ 728, 36 ], [ 729, 1 ], [ 819, 7 ], [ 910, 7 ] ]

 ----L3(5)---- 
[ [ 1, 1 ], [ 30, 1 ], [ 31, 3 ], [ 96, 10 ], [ 124, 10 ], [ 125, 1 ], [ 155, 3 ], [ 186, 1 ] ]

 ----L3(11)---- 
[ [ 1, 1 ], [ 132, 1 ], [ 133, 9 ], [ 1200, 44 ], [ 1330, 55 ], [ 1331, 1 ], [ 1463, 9 ], [ 1596, 12 ] ]

 ----O9(2)---- 
[ [ 1, 1 ], [ 35, 1 ], [ 51, 1 ], [ 85, 1 ], [ 119, 1 ], [ 135, 1 ], [ 238, 1 ], [ 510, 1 ], [ 595, 2 ], [ 918, 1 ], 
  [ 1190, 1 ], [ 1275, 1 ], [ 1512, 1 ], [ 1785, 2 ], [ 2295, 1 ], [ 2856, 2 ], [ 2975, 2 ], [ 3213, 2 ], 
  [ 3400, 1 ], [ 3570, 3 ], [ 3808, 1 ], [ 4200, 1 ], [ 4760, 1 ], [ 5712, 1 ], [ 5950, 2 ], [ 7140, 1 ], 
  [ 8160, 1 ], [ 8925, 2 ], [ 8960, 1 ], [ 9639, 1 ], [ 10200, 1 ], [ 11900, 2 ], [ 13056, 1 ], [ 13600, 1 ], 
  [ 14280, 2 ], [ 14688, 1 ], [ 16065, 5 ], [ 17850, 2 ], [ 18360, 1 ], [ 19040, 1 ], [ 23800, 2 ], [ 26775, 2 ], 
  [ 28560, 1 ], [ 28917, 1 ], [ 30464, 1 ], [ 32130, 3 ], [ 34425, 2 ], [ 34560, 1 ], [ 38080, 1 ], [ 38556, 1 ], 
  [ 42525, 2 ], [ 43520, 1 ], [ 47600, 1 ], [ 48195, 1 ], [ 51408, 1 ], [ 53550, 1 ], [ 57120, 1 ], [ 65536, 1 ], 
  [ 68850, 1 ] ]

 ----O11(2)---- 
[ [ 1, 1 ], [ 155, 1 ], [ 187, 1 ], [ 341, 1 ], [ 495, 1 ], [ 527, 1 ], [ 6138, 1 ], [ 11594, 2 ], [ 11935, 1 ], 
  [ 17050, 1 ], [ 17391, 1 ], [ 18445, 1 ], [ 28985, 1 ], [ 29512, 1 ], [ 40392, 1 ], [ 40579, 1 ], [ 46035, 1 ], 
  [ 46376, 2 ], [ 52173, 1 ], [ 52360, 1 ], [ 57288, 1 ], [ 57970, 1 ], [ 63240, 1 ], [ 81158, 1 ], [ 173910, 1 ], 
  [ 184450, 1 ], [ 190960, 1 ], [ 202895, 4 ], [ 231880, 2 ], [ 278256, 1 ], [ 313038, 1 ], [ 365211, 1 ], 
  [ 371008, 1 ], [ 381920, 1 ], [ 405790, 5 ], [ 417384, 1 ], [ 434775, 1 ], [ 515592, 1 ], [ 556512, 1 ], 
  [ 649264, 1 ], [ 736560, 1 ], [ 782595, 2 ], [ 811580, 1 ], [ 869550, 1 ], [ 944384, 1 ], [ 973896, 2 ], 
  [ 1014475, 3 ], [ 1095633, 2 ], [ 1159400, 1 ], [ 1217370, 1 ], [ 1292544, 1 ], [ 1298528, 2 ], [ 1408671, 1 ], 
  [ 1432200, 1 ], [ 1473120, 1 ], [ 1565190, 1 ], [ 1623160, 3 ], [ 1675520, 1 ], [ 1826055, 5 ], [ 1855040, 2 ], 
  [ 1947792, 1 ], [ 2023680, 1 ], [ 2028950, 3 ], [ 2213400, 1 ], [ 2347785, 2 ], [ 2434740, 2 ], [ 2782560, 1 ], 
  [ 2921688, 1 ], [ 3055360, 1 ], [ 3142656, 1 ], [ 3246320, 3 ], [ 3286899, 2 ], [ 3339072, 1 ], [ 3478200, 1 ], 
  [ 3652110, 2 ], [ 4057900, 1 ], [ 4382532, 1 ], [ 4452096, 1 ], [ 4637600, 1 ], [ 4869480, 3 ], [ 5008608, 1 ], 
  [ 5079040, 1 ], [ 5478165, 3 ], [ 5902400, 1 ], [ 5936128, 3 ], [ 6127616, 1 ], [ 6260760, 2 ], [ 6492640, 2 ], 
  [ 6573798, 1 ], [ 6956400, 1 ], [ 7332864, 1 ], [ 8115800, 4 ], [ 8729600, 1 ], [ 8765064, 1 ], [ 9130275, 4 ], 
  [ 9738960, 2 ], [ 9860697, 1 ], [ 10388224, 1 ], [ 10956330, 2 ], [ 11269368, 1 ], [ 11738925, 4 ], [ 11784960, 1 ],
  [ 12521520, 1 ], [ 12985280, 1 ], [ 13147596, 2 ], [ 14501025, 4 ], [ 14608440, 3 ], [ 14840320, 1 ], 
  [ 16220160, 1 ], [ 16231600, 1 ], [ 16434495, 4 ], [ 17268736, 1 ], [ 17530128, 1 ], [ 18260550, 2 ], 
  [ 18887680, 1 ], [ 21130065, 2 ], [ 21912660, 1 ], [ 22347776, 1 ], [ 22410675, 3 ], [ 23477850, 2 ], 
  [ 23856525, 3 ], [ 25970560, 2 ], [ 26295192, 1 ], [ 26712576, 1 ], [ 29002050, 2 ], [ 29216880, 1 ], 
  [ 29680640, 1 ], [ 32868990, 1 ], [ 33554432, 1 ], [ 37564560, 1 ] ]

 ----O13(2)---- 
[ [ 1, 1 ], [ 651, 1 ], [ 715, 1 ], [ 1365, 1 ], [ 2015, 1 ], [ 2079, 1 ], [ 118482, 1 ], [ 162162, 1 ], 
  [ 210210, 1 ], [ 211575, 1 ], [ 253890, 1 ], [ 255255, 1 ], [ 465465, 1 ], [ 515592, 1 ], [ 602888, 1 ], 
  [ 620620, 1 ], [ 675675, 1 ], [ 719355, 1 ], [ 837837, 1 ], [ 886600, 1 ], [ 904332, 1 ], [ 928200, 1 ], 
  [ 930930, 1 ], [ 973896, 1 ], [ 1198925, 1 ], [ 2110108, 1 ], [ 2393820, 1 ], [ 5213208, 1 ], [ 6950944, 1 ], 
  [ 8378370, 1 ], [ 11171160, 1 ], [ 13188175, 1 ], [ 15825810, 2 ], [ 16291275, 1 ], [ 19182800, 1 ], 
  [ 20108088, 1 ], [ 23273250, 1 ], [ 23738715, 1 ], [ 25177425, 1 ], [ 26066040, 1 ], [ 26254800, 1 ], 
  [ 26376350, 2 ], [ 28435680, 1 ], [ 29324295, 1 ], [ 32582550, 1 ], [ 34034000, 1 ], [ 34306272, 1 ], 
  [ 40283880, 1 ], [ 41106000, 1 ], [ 42729687, 1 ], [ 47477430, 1 ], [ 50354850, 1 ], [ 50642592, 2 ], 
  [ 55135080, 1 ], [ 55390335, 3 ], [ 60288800, 1 ], [ 62837775, 1 ], [ 63303240, 2 ], [ 71216145, 1 ], 
  [ 71471400, 1 ], [ 72717568, 1 ], [ 78198120, 1 ], [ 86322600, 1 ], [ 90810720, 1 ], [ 92317225, 1 ], 
  [ 96462080, 2 ], [ 96681312, 1 ], [ 99702603, 1 ], [ 101285184, 1 ], [ 105505400, 1 ], [ 108519840, 2 ], 
  [ 110780670, 2 ], [ 113107995, 1 ], [ 118693575, 1 ], [ 120206592, 1 ], [ 125116992, 1 ], [ 125675550, 1 ], 
  [ 134053920, 2 ], [ 152606025, 1 ], [ 173773600, 1 ], [ 184634450, 1 ], [ 197822625, 1 ], [ 199405206, 1 ], 
  [ 221561340, 1 ], [ 237387150, 1 ], [ 251774250, 1 ], [ 260660400, 1 ], [ 276951675, 2 ], [ 287258400, 1 ], 
  [ 302129100, 1 ], [ 316516200, 2 ], [ 332342010, 2 ], [ 356080725, 1 ], [ 372372000, 2 ], [ 379819440, 1 ], 
  [ 395645250, 1 ], [ 427296870, 2 ], [ 454970880, 1 ], [ 455783328, 2 ], [ 461586125, 1 ], [ 474774300, 1 ], 
  [ 498513015, 3 ], [ 503548500, 1 ], [ 506425920, 1 ], [ 521320800, 1 ], [ 527527000, 1 ], [ 548900352, 1 ], 
  [ 553903350, 1 ], [ 569729160, 1 ], [ 590830240, 2 ], [ 621223911, 1 ], [ 671398000, 1 ], [ 703783080, 1 ], 
  [ 712161450, 1 ], [ 738537800, 3 ], [ 759638880, 1 ], [ 769134366, 1 ], [ 830855025, 1 ], [ 854593740, 1 ], 
  [ 886245360, 2 ], [ 897323427, 2 ], [ 923172250, 1 ], [ 930717216, 1 ], [ 997026030, 1 ], [ 1005404400, 1 ], 
  [ 1068242175, 2 ], [ 1107806700, 5 ], [ 1227699200, 1 ], [ 1266809544, 1 ], [ 1289084160, 1 ], [ 1329368040, 4 ], 
  [ 1334581248, 1 ], [ 1407566160, 1 ], [ 1452971520, 1 ], [ 1477075600, 1 ], [ 1495539045, 2 ], [ 1546900992, 1 ], 
  [ 1582581000, 3 ], [ 1620562944, 1 ], [ 1661710050, 2 ], [ 1680307200, 1 ], [ 1764322560, 1 ], [ 1772490720, 2 ], 
  [ 1780403625, 1 ], [ 1922835915, 1 ], [ 1954953000, 1 ], [ 2001871872, 1 ], [ 2010808800, 1 ], [ 2111864832, 1 ], 
  [ 2178176000, 1 ], [ 2215613400, 3 ], [ 2287084800, 1 ], [ 2289090375, 1 ], [ 2392862472, 2 ], [ 2469429248, 1 ], 
  [ 2492565075, 4 ], [ 2532129600, 2 ], [ 2542059520, 1 ], [ 2630784000, 1 ], [ 2658736080, 3 ], [ 2762323200, 1 ], 
  [ 2848645800, 3 ], [ 2859816960, 1 ], [ 2991078090, 4 ], [ 3021291000, 1 ], [ 3165162000, 2 ], [ 3190483296, 1 ], 
  [ 3204726525, 3 ], [ 3518915400, 1 ], [ 3544981440, 3 ], [ 3589293708, 2 ], [ 3631513600, 1 ], [ 3692689000, 2 ], 
  [ 3704143872, 1 ], [ 3798194400, 1 ], [ 3858483200, 1 ], [ 3909906000, 1 ], [ 3958779825, 4 ], [ 3988104120, 1 ], 
  [ 3989078016, 1 ], [ 4120362675, 1 ], [ 4154275125, 2 ], [ 4170566400, 1 ], [ 4220216000, 1 ], [ 4289725440, 1 ], 
  [ 4431226800, 2 ], [ 4486617135, 6 ], [ 4557833280, 1 ], [ 4785724944, 1 ], [ 4985130150, 2 ], [ 5147670528, 1 ], 
  [ 5317472160, 2 ], [ 5341210875, 3 ], [ 5539033500, 2 ], [ 5697291600, 1 ], [ 5908302400, 2 ], [ 5982156180, 1 ], 
  [ 6042582000, 1 ], [ 6077111040, 1 ], [ 6330324000, 1 ], [ 6646840200, 3 ], [ 6672906240, 1 ], [ 6752345600, 1 ], 
  [ 6836749920, 2 ], [ 6867271125, 1 ], [ 6932889600, 1 ], [ 7385378000, 1 ], [ 7454686932, 1 ], [ 7477695225, 2 ], 
  [ 7507019520, 1 ], [ 7596388800, 1 ], [ 7764836352, 1 ], [ 8056776000, 1 ], [ 8075910843, 1 ], [ 8102814720, 3 ], 
  [ 8308550250, 1 ], [ 8341132800, 1 ], [ 8364195840, 1 ], [ 8545937400, 2 ], [ 8643002368, 1 ], [ 8862453600, 3 ], 
  [ 8973234270, 2 ], [ 9668131200, 1 ], [ 9805086720, 1 ], [ 9970260300, 4 ], [ 10009359360, 1 ], [ 10627448832, 1 ], 
  [ 10682421750, 1 ], [ 10921967616, 1 ], [ 10938799872, 1 ], [ 11394583200, 1 ], [ 11915904000, 1 ], 
  [ 11964312360, 3 ], [ 11995709440, 1 ], [ 12154222080, 1 ], [ 12306149856, 1 ], [ 12462825375, 3 ], 
  [ 12660648000, 2 ], [ 12818906100, 1 ], [ 13459851405, 1 ], [ 13504691200, 2 ], [ 13673499840, 1 ], 
  [ 13776322560, 1 ], [ 14179925760, 1 ], [ 14243229000, 1 ], [ 14357174832, 1 ], [ 14955390450, 2 ], 
  [ 15207628800, 1 ], [ 15382687320, 1 ], [ 15952416480, 1 ], [ 16023632625, 3 ], [ 16086470400, 1 ], 
  [ 16113552000, 1 ], [ 16638935040, 1 ], [ 17724907200, 5 ], [ 17946468540, 4 ], [ 18312723000, 1 ], 
  [ 19793899125, 8 ], [ 19940520600, 3 ], [ 21269888640, 1 ], [ 22140518400, 1 ], [ 22433085675, 7 ], 
  [ 22789166400, 1 ], [ 23571824640, 1 ], [ 23928624720, 1 ], [ 24925650750, 2 ], [ 25523866368, 1 ], 
  [ 25637812200, 2 ], [ 25781683200, 1 ], [ 26919702810, 1 ], [ 28359851520, 1 ], [ 28842538725, 3 ], 
  [ 28955646720, 1 ], [ 29541512000, 1 ], [ 30504714240, 1 ], [ 30590571375, 6 ], [ 31904832960, 2 ], 
  [ 32047265250, 2 ], [ 32172940800, 1 ], [ 32303643372, 1 ], [ 32564156625, 6 ], [ 32962901400, 1 ], 
  [ 33234201000, 2 ], [ 33806090240, 1 ], [ 34879832064, 1 ], [ 35629018425, 4 ], [ 35892937080, 2 ], 
  [ 36462666240, 1 ], [ 39286374400, 1 ], [ 39587798250, 4 ], [ 39758330304, 1 ], [ 39881041200, 2 ], 
  [ 40379554215, 2 ], [ 42729687000, 3 ], [ 44866171350, 3 ], [ 45801799680, 1 ], [ 46591793325, 5 ], 
  [ 47857249440, 1 ], [ 48070897875, 5 ], [ 49851301500, 1 ], [ 51275624400, 1 ], [ 51563366400, 1 ], 
  [ 54018764800, 1 ], [ 54908485632, 1 ], [ 54938169000, 1 ], [ 56719703040, 1 ], [ 57428699328, 1 ], 
  [ 57685077450, 1 ], [ 60771110400, 1 ], [ 61009428480, 1 ], [ 61181142750, 3 ], [ 63340477200, 2 ], 
  [ 64094530500, 1 ], [ 65128313250, 3 ], [ 68719476736, 1 ], [ 71785874160, 1 ], [ 78134284800, 1 ] ]

 ----O5(4)---- 
[ [ 1, 1 ], [ 18, 1 ], [ 34, 2 ], [ 50, 1 ], [ 51, 4 ], [ 85, 2 ], [ 153, 1 ], [ 204, 4 ], [ 225, 4 ], [ 255, 4 ], 
  [ 256, 1 ], [ 340, 2 ] ]

 ----O7(4)---- 
[ [ 1, 1 ], [ 378, 1 ], [ 442, 1 ], [ 650, 1 ], [ 714, 1 ], [ 819, 2 ], [ 1365, 1 ], [ 3213, 2 ], [ 4368, 1 ], 
  [ 5525, 1 ], [ 13923, 2 ], [ 14742, 2 ], [ 17472, 1 ], [ 23205, 1 ], [ 24192, 1 ], [ 24570, 1 ], [ 27846, 4 ], 
  [ 28288, 1 ], [ 38556, 2 ], [ 40950, 2 ], [ 41600, 1 ], [ 41769, 3 ], [ 45696, 1 ], [ 46410, 2 ], [ 55692, 4 ], 
  [ 61425, 4 ], [ 68250, 1 ], [ 69615, 8 ], [ 92820, 2 ], [ 110500, 1 ], [ 167076, 3 ], [ 184275, 8 ], [ 205632, 2 ], 
  [ 208845, 5 ], [ 209664, 2 ], [ 222768, 2 ], [ 240975, 10 ], [ 245700, 4 ], [ 248625, 10 ], [ 262144, 1 ], 
  [ 278460, 8 ], [ 307125, 4 ], [ 348075, 2 ], [ 349440, 1 ], [ 353600, 1 ], [ 371280, 1 ] ]

 ----O5(8)---- 
[ [ 1, 1 ], [ 196, 1 ], [ 260, 2 ], [ 324, 1 ], [ 455, 8 ], [ 585, 6 ], [ 3185, 6 ], [ 3640, 8 ], [ 3969, 16 ], 
  [ 4095, 24 ], [ 4096, 1 ], [ 4680, 6 ], [ 5265, 3 ] ]

 ----O10+(2)---- 
[ [ 1, 1 ], [ 155, 1 ], [ 186, 1 ], [ 340, 1 ], [ 868, 1 ], [ 2108, 1 ], [ 5270, 1 ], [ 6324, 1 ], [ 7905, 1 ], 
  [ 9300, 1 ], [ 11067, 1 ], [ 13020, 1 ], [ 13888, 1 ], [ 14756, 1 ], [ 15810, 1 ], [ 18445, 2 ], [ 22848, 1 ], 
  [ 31620, 2 ], [ 36890, 1 ], [ 42160, 1 ], [ 50592, 1 ], [ 55335, 2 ], [ 66402, 1 ], [ 73780, 3 ], [ 101184, 1 ], 
  [ 110670, 4 ], [ 147560, 2 ], [ 148800, 1 ], [ 158100, 1 ], [ 166005, 3 ], [ 168640, 1 ], [ 208320, 1 ], 
  [ 221340, 2 ], [ 236096, 1 ], [ 265608, 1 ], [ 298809, 1 ], [ 316200, 1 ], [ 332010, 3 ], [ 337280, 1 ], 
  [ 348160, 1 ], [ 355725, 4 ], [ 368900, 1 ], [ 439425, 6 ], [ 442680, 4 ], [ 498015, 2 ], [ 505920, 1 ], 
  [ 539648, 1 ], [ 590240, 1 ], [ 634880, 1 ], [ 664020, 2 ], [ 708288, 1 ], [ 711450, 4 ], [ 722925, 6 ], 
  [ 761856, 1 ], [ 830025, 1 ], [ 885360, 1 ], [ 1011840, 1 ], [ 1048576, 1 ], [ 1180480, 1 ], [ 1195236, 1 ], 
  [ 1422900, 1 ], [ 1494045, 1 ] ]

 ----O12+(2)---- 
[ [ 1, 1 ], [ 651, 1 ], [ 714, 1 ], [ 1364, 1 ], [ 18228, 1 ], [ 18445, 2 ], [ 28644, 1 ], [ 46376, 2 ], 
  [ 100254, 1 ], [ 109956, 1 ], [ 121737, 1 ], [ 132804, 1 ], [ 133672, 1 ], [ 193347, 1 ], [ 221340, 1 ], 
  [ 224532, 1 ], [ 243474, 1 ], [ 371008, 1 ], [ 387345, 1 ], [ 405790, 2 ], [ 417384, 1 ], [ 486948, 1 ], 
  [ 1420265, 1 ], [ 1460844, 1 ], [ 1652672, 1 ], [ 1988712, 1 ], [ 2272424, 1 ], [ 2840530, 1 ], [ 3408636, 2 ], 
  [ 3873450, 1 ], [ 3895584, 1 ], [ 4260795, 1 ], [ 4648140, 2 ], [ 5012700, 1 ], [ 6086850, 1 ], [ 6573798, 1 ], 
  [ 6817272, 1 ], [ 6960492, 1 ], [ 7588800, 1 ], [ 7791168, 1 ], [ 8115800, 2 ], [ 8521590, 3 ], [ 8555008, 1 ], 
  [ 8724672, 1 ], [ 9624384, 1 ], [ 9738960, 1 ], [ 9860697, 1 ], [ 10225908, 3 ], [ 10329200, 2 ], [ 11362120, 3 ], 
  [ 12173700, 1 ], [ 12782385, 1 ], [ 14660800, 1 ], [ 14874048, 1 ], [ 16241148, 1 ], [ 17043180, 3 ], 
  [ 18550400, 2 ], [ 18665472, 1 ], [ 20451816, 3 ], [ 21130065, 1 ], [ 23373504, 1 ], [ 23744512, 1 ], 
  [ 25564770, 1 ], [ 26712576, 1 ], [ 27269088, 1 ], [ 28405300, 1 ], [ 31164672, 1 ], [ 34086360, 1 ], 
  [ 36521100, 1 ], [ 38497536, 1 ], [ 38955840, 1 ], [ 39442788, 2 ], [ 46481400, 1 ], [ 51129540, 2 ], 
  [ 54538176, 1 ], [ 56810600, 1 ], [ 62329344, 1 ], [ 63911925, 2 ], [ 64926400, 2 ], [ 68172720, 3 ], 
  [ 69024879, 5 ], [ 73042200, 1 ], [ 76694310, 1 ], [ 80203200, 1 ], [ 82172475, 2 ], [ 85215900, 2 ], 
  [ 90896960, 3 ], [ 92033172, 2 ], [ 102259080, 2 ], [ 105650325, 2 ], [ 111367872, 1 ], [ 112594944, 1 ], 
  [ 115041465, 1 ], [ 118328364, 1 ], [ 123950400, 1 ], [ 124658688, 1 ], [ 127277568, 1 ], [ 127823850, 2 ], 
  [ 135991296, 1 ], [ 138049758, 6 ], [ 145435136, 1 ], [ 147910455, 1 ], [ 148740480, 2 ], [ 163614528, 3 ], 
  [ 170431800, 3 ], [ 181793920, 1 ], [ 182712915, 2 ], [ 189956096, 2 ], [ 191735775, 2 ], [ 197213940, 1 ], 
  [ 204518160, 2 ], [ 207764480, 2 ], [ 226652160, 1 ], [ 227242400, 1 ], [ 229920768, 1 ], [ 230082930, 1 ], 
  [ 236656728, 1 ], [ 255647700, 1 ], [ 259858368, 1 ], [ 272690880, 2 ], [ 276099516, 6 ], [ 295820910, 1 ], 
  [ 306777240, 1 ], [ 327229056, 3 ], [ 340863600, 1 ], [ 345124395, 4 ], [ 357564416, 1 ], [ 383471550, 3 ], 
  [ 389558400, 1 ], [ 396641280, 1 ], [ 409036320, 1 ], [ 410640384, 1 ], [ 420723072, 1 ], [ 422601300, 1 ], 
  [ 443731365, 3 ], [ 469303296, 1 ], [ 470624175, 9 ], [ 498634752, 1 ], [ 511295400, 2 ], [ 545381760, 2 ], 
  [ 548138745, 4 ], [ 552199032, 6 ], [ 591641820, 1 ], [ 604405760, 2 ], [ 631084608, 1 ], [ 657379800, 2 ], 
  [ 682622976, 1 ], [ 690248790, 4 ], [ 727175680, 1 ], [ 730851660, 2 ], [ 739552275, 9 ], [ 748683264, 1 ], 
  [ 766943100, 1 ], [ 779116800, 1 ], [ 791949312, 1 ], [ 818072640, 1 ], [ 845202600, 2 ], [ 913564575, 2 ], 
  [ 920331720, 1 ], [ 997269504, 1 ], [ 1035373185, 1 ], [ 1073741824, 1 ], [ 1090763520, 1 ], [ 1104398064, 1 ], 
  [ 1183283640, 1 ], [ 1352324160, 1 ], [ 1380497580, 1 ], [ 1479104550, 1 ], [ 1502961075, 3 ] ]

 ----G2(5)---- 
[ [ 1, 1 ], [ 124, 1 ], [ 280, 1 ], [ 651, 1 ], [ 930, 1 ], [ 960, 2 ], [ 1085, 2 ], [ 1240, 1 ], [ 1890, 1 ], 
  [ 2480, 1 ], [ 2604, 3 ], [ 3255, 2 ], [ 3906, 2 ], [ 10416, 1 ], [ 12096, 5 ], [ 13020, 3 ], [ 15500, 1 ], 
  [ 15624, 8 ], [ 15625, 1 ], [ 16275, 1 ], [ 17856, 3 ], [ 19530, 2 ] ]

 ----U5(2)---- 
[ [ 1, 1 ], [ 10, 1 ], [ 11, 2 ], [ 44, 1 ], [ 55, 3 ], [ 66, 2 ], [ 110, 5 ], [ 120, 1 ], [ 165, 1 ], [ 176, 1 ], 
  [ 220, 4 ], [ 264, 2 ], [ 320, 1 ], [ 330, 2 ], [ 440, 3 ], [ 495, 4 ], [ 660, 1 ], [ 704, 2 ], [ 880, 2 ], 
  [ 891, 3 ], [ 990, 2 ], [ 1024, 1 ], [ 1215, 2 ] ]

 ----U3(4)---- 
[ [ 1, 1 ], [ 12, 1 ], [ 13, 4 ], [ 39, 2 ], [ 52, 4 ], [ 64, 1 ], [ 65, 5 ], [ 75, 4 ] ]

 ----U4(4)---- 
[ [ 1, 1 ], [ 51, 4 ], [ 52, 1 ], [ 221, 2 ], [ 272, 1 ], [ 325, 1 ], [ 612, 4 ], [ 663, 6 ], [ 832, 1 ], [ 884, 4 ], 
  [ 1105, 5 ], [ 1989, 1 ], [ 2652, 6 ], [ 3264, 4 ], [ 3315, 10 ], [ 3536, 2 ], [ 3825, 20 ], [ 4096, 1 ], 
  [ 4420, 5 ], [ 4875, 12 ], [ 5200, 1 ], [ 5525, 2 ] ]

 ----U3(3)---- 
[ [ 1, 1 ], [ 6, 1 ], [ 7, 3 ], [ 14, 1 ], [ 21, 3 ], [ 27, 1 ], [ 28, 2 ], [ 32, 2 ] ]

 ----O10-(2)---- 
[ [ 1, 1 ], [ 154, 1 ], [ 187, 1 ], [ 340, 1 ], [ 595, 2 ], [ 748, 1 ], [ 2244, 1 ], [ 5236, 2 ], [ 5950, 2 ], 
  [ 6545, 2 ], [ 7700, 1 ], [ 9350, 1 ], [ 10692, 1 ], [ 13090, 1 ], [ 14960, 1 ], [ 15147, 1 ], [ 15708, 3 ], 
  [ 22848, 1 ], [ 26180, 2 ], [ 32725, 1 ], [ 35904, 1 ], [ 39270, 2 ], [ 41888, 1 ], [ 56100, 1 ], [ 59840, 1 ], 
  [ 65450, 3 ], [ 71400, 2 ], [ 78540, 1 ], [ 83776, 1 ], [ 104720, 2 ], [ 106029, 4 ], [ 123200, 1 ], [ 130900, 6 ], 
  [ 157080, 2 ], [ 171072, 1 ], [ 181764, 1 ], [ 190400, 2 ], [ 191488, 1 ], [ 212058, 1 ], [ 227205, 1 ], 
  [ 251328, 3 ], [ 261800, 3 ], [ 294525, 4 ], [ 302940, 1 ], [ 314160, 1 ], [ 348160, 1 ], [ 418880, 2 ], 
  [ 424116, 4 ], [ 523600, 2 ], [ 530145, 4 ], [ 589050, 4 ], [ 598400, 1 ], [ 609280, 2 ], [ 630784, 1 ], 
  [ 681615, 2 ], [ 722925, 6 ], [ 765952, 1 ], [ 837760, 1 ], [ 848232, 1 ], [ 908820, 1 ], [ 969408, 1 ], 
  [ 1047200, 1 ], [ 1048576, 1 ], [ 1060290, 1 ], [ 1136025, 1 ], [ 1178100, 1 ], [ 1403325, 2 ] ]

 ----O12-(2)---- 
[ [ 1, 1 ], [ 650, 1 ], [ 715, 1 ], [ 1364, 1 ], [ 17732, 1 ], [ 29172, 1 ], [ 100100, 1 ], [ 110825, 1 ], 
  [ 120900, 1 ], [ 132990, 1 ], [ 191828, 1 ], [ 221650, 1 ], [ 226083, 1 ], [ 243100, 1 ], [ 371008, 1 ], 
  [ 602888, 2 ], [ 620620, 1 ], [ 886600, 2 ], [ 1198925, 1 ], [ 1507220, 1 ], [ 1884025, 1 ], [ 2637635, 1 ], 
  [ 3546400, 1 ], [ 3768050, 2 ], [ 3889600, 2 ], [ 4521660, 1 ], [ 4823104, 1 ], [ 5957952, 1 ], [ 6330324, 1 ], 
  [ 6649500, 1 ], [ 7536100, 1 ], [ 7912905, 3 ], [ 9309300, 1 ], [ 9860697, 2 ], [ 9929920, 1 ], [ 10550540, 2 ], 
  [ 10961600, 2 ], [ 11304150, 1 ], [ 11989250, 1 ], [ 15072200, 1 ], [ 15825810, 1 ], [ 16336320, 1 ], 
  [ 16956225, 2 ], [ 18618600, 1 ], [ 18990972, 3 ], [ 19292416, 1 ], [ 22608300, 2 ], [ 23744512, 1 ], 
  [ 23831808, 1 ], [ 26376350, 1 ], [ 29872128, 1 ], [ 30144400, 1 ], [ 36173280, 1 ], [ 37680500, 1 ], 
  [ 38584832, 2 ], [ 39564525, 1 ], [ 42729687, 1 ], [ 45216600, 2 ], [ 47477430, 3 ], [ 52752700, 5 ], 
  [ 56742400, 3 ], [ 63303240, 2 ], [ 67824900, 1 ], [ 72346560, 1 ], [ 75361000, 1 ], [ 79129050, 1 ], 
  [ 84781125, 2 ], [ 101737350, 1 ], [ 102502400, 1 ], [ 105505400, 3 ], [ 106392000, 1 ], [ 118328364, 2 ], 
  [ 118693575, 2 ], [ 120577600, 2 ], [ 123801600, 1 ], [ 143871000, 1 ], [ 148948800, 1 ], [ 158258100, 4 ], 
  [ 168808640, 2 ], [ 169562250, 2 ], [ 170918748, 2 ], [ 189909720, 3 ], [ 196431872, 1 ], [ 211010800, 4 ], 
  [ 213648435, 2 ], [ 219752676, 1 ], [ 237387150, 4 ], [ 241155200, 2 ], [ 248934400, 1 ], [ 253212960, 1 ], 
  [ 254343375, 2 ], [ 290521088, 1 ], [ 297897600, 1 ], [ 301444000, 1 ], [ 303855552, 3 ], [ 314188875, 8 ], 
  [ 316516200, 1 ], [ 339124500, 2 ], [ 356080725, 3 ], [ 357564416, 1 ], [ 383656000, 1 ], [ 385848320, 1 ], 
  [ 406949400, 1 ], [ 453939200, 1 ], [ 474774300, 4 ], [ 482310400, 1 ], [ 506425920, 3 ], [ 508686750, 3 ], 
  [ 516891375, 9 ], [ 544727040, 1 ], [ 593467875, 1 ], [ 628377750, 8 ], [ 631084608, 2 ], [ 640945305, 2 ], 
  [ 675234560, 1 ], [ 678249000, 2 ], [ 681574400, 1 ], [ 683674992, 1 ], [ 723465600, 1 ], [ 739552275, 10 ], 
  [ 749731840, 1 ], [ 763030125, 2 ], [ 844043200, 1 ], [ 854593740, 2 ], [ 907878400, 1 ], [ 926035968, 1 ], 
  [ 949548600, 2 ], [ 964620800, 1 ], [ 1017373500, 1 ], [ 1068242175, 1 ], [ 1073741824, 1 ], [ 1085198400, 2 ], 
  [ 1186935750, 1 ], [ 1227699200, 1 ], [ 1256755500, 2 ], [ 1373454225, 1 ], [ 1456693875, 3 ] ]

 ----3D4(2)---- 
[ [ 1, 1 ], [ 26, 1 ], [ 52, 1 ], [ 196, 1 ], [ 273, 1 ], [ 324, 1 ], [ 351, 3 ], [ 468, 1 ], [ 637, 1 ], 
  [ 1053, 1 ], [ 1274, 1 ], [ 1664, 1 ], [ 1911, 3 ], [ 2106, 3 ], [ 2184, 1 ], [ 2457, 3 ], [ 2808, 3 ], 
  [ 3822, 3 ], [ 3969, 3 ], [ 4096, 1 ], [ 5096, 1 ] ]

 ----2F4(2)'---- 
[ [ 1, 1 ], [ 26, 2 ], [ 27, 2 ], [ 78, 1 ], [ 300, 1 ], [ 325, 1 ], [ 351, 3 ], [ 624, 2 ], [ 650, 1 ], [ 675, 1 ], 
  [ 702, 2 ], [ 1300, 2 ], [ 1728, 1 ], [ 2048, 2 ] ]


 ====Missing groups==== 

A20 ,A21 ,A22 ,A23 ,A24 ,A25 ,A26 ,A27 ,A28 ,A29 ,A30 ,A31 ,A32 ,A33 ,A34 ,A35 ,A36 ,L6(4) ,L3(16) ,L6(3) ,L3(25) ,L4(7) ,L2(169) ,L2(289) ,O5(13) ,O5(17) ,O8+(5) ,U3(17) ,U4(17) ,U3(23) ,2E6(3) ,L5(4) ,O8+(4) ,U4(8) ,U3(19) ,U3(31) ,

 ====Unknown projective information groups==== 

A14 ,A15 ,A16 ,A17 ,A18 ,A19 ,L2(125) ,O7(5) ,S6(5) ,O5(7) ,U4(5) ,O8-(2) ,

 ====Confirmed groups==== 

A10 ,A11 ,A17 ,M12 ,L2(17) ,L2(17) ,L2(31) ,M11 ,L2(16) ,L3(3) ,