

 ====Non Trivial Multiplier==== 


 ----A5---- 
[ [ 1, 1 ], [ 3, 2 ], [ 4, 1 ], [ 5, 1 ] ]
2.A5 [ 2, 2, 4, 6 ]

 ----A6---- 
[ [ 1, 1 ], [ 5, 2 ], [ 8, 2 ], [ 9, 1 ], [ 10, 1 ] ]
2.A6 [ 4, 4, 8, 8, 10, 10 ]
3.A6 [ 3, 3, 6, 9, 15 ]
6.A6 [ 6, 6, 12, 12 ]

 ----A7---- 
[ [ 1, 1 ], [ 6, 1 ], [ 10, 2 ], [ 14, 2 ], [ 15, 1 ], [ 21, 1 ], [ 35, 1 ] ]
2.A7 [ 4, 4, 14, 14, 20, 20, 36 ]
3.A7 [ 6, 15, 15, 21, 21, 24, 24 ]
6.A7 [ 6, 6, 24, 24, 36 ]

 ----A8---- 
[ [ 1, 1 ], [ 7, 1 ], [ 14, 1 ], [ 20, 1 ], [ 21, 3 ], [ 28, 1 ], [ 35, 1 ], [ 45, 2 ], [ 56, 1 ], [ 64, 1 ], 
  [ 70, 1 ] ]
2.A8 [ 8, 24, 24, 48, 56, 56, 56, 56, 64 ]

 ----A9---- 
[ [ 1, 1 ], [ 8, 1 ], [ 21, 2 ], [ 27, 1 ], [ 28, 1 ], [ 35, 2 ], [ 42, 1 ], [ 48, 1 ], [ 56, 1 ], [ 84, 1 ], 
  [ 105, 1 ], [ 120, 1 ], [ 162, 1 ], [ 168, 1 ], [ 189, 1 ], [ 216, 1 ] ]
2.A9 [ 8, 8, 48, 48, 56, 112, 120, 120, 160, 168, 168, 224 ]

 ----A10---- 
[ [ 1, 1 ], [ 9, 1 ], [ 35, 1 ], [ 36, 1 ], [ 42, 1 ], [ 75, 1 ], [ 84, 1 ], [ 90, 1 ], [ 126, 1 ], [ 160, 1 ], 
  [ 210, 1 ], [ 224, 2 ], [ 225, 1 ], [ 252, 1 ], [ 288, 1 ], [ 300, 1 ], [ 315, 1 ], [ 350, 1 ], [ 384, 2 ], 
  [ 450, 1 ], [ 525, 1 ], [ 567, 1 ] ]
2.A10 [ 16, 48, 48, 64, 64, 216, 216, 336, 336, 384, 384, 400, 432, 448, 800 ]

 ----A11---- 
[ [ 1, 1 ], [ 10, 1 ], [ 44, 1 ], [ 45, 1 ], [ 110, 1 ], [ 120, 1 ], [ 126, 2 ], [ 132, 1 ], [ 165, 1 ], [ 210, 1 ], 
  [ 231, 1 ], [ 330, 1 ], [ 385, 1 ], [ 462, 1 ], [ 550, 1 ], [ 594, 3 ], [ 660, 1 ], [ 693, 1 ], [ 825, 1 ], 
  [ 924, 1 ], [ 990, 2 ], [ 1100, 1 ], [ 1155, 1 ], [ 1232, 1 ], [ 1320, 1 ], [ 1540, 1 ], [ 2310, 1 ] ]
2.A11 [ 16, 16, 144, 528, 560, 616, 616, 672, 880, 880, 1200, 1232, 1232, 1440, 1584, 1584, 1584, 1584 ]

 ----A12---- 
[ [ 1, 1 ], [ 11, 1 ], [ 54, 1 ], [ 55, 1 ], [ 132, 1 ], [ 154, 1 ], [ 165, 1 ], [ 275, 1 ], [ 297, 1 ], [ 320, 1 ], 
  [ 330, 1 ], [ 462, 2 ], [ 616, 1 ], [ 891, 1 ], [ 945, 1 ], [ 1050, 2 ], [ 1155, 1 ], [ 1320, 3 ], [ 1408, 1 ], 
  [ 1485, 1 ], [ 1650, 1 ], [ 1728, 1 ], [ 1925, 2 ], [ 2079, 1 ], [ 2112, 1 ], [ 2376, 1 ], [ 2673, 1 ], 
  [ 2970, 1 ], [ 3080, 1 ], [ 3520, 1 ], [ 3564, 1 ], [ 3696, 1 ], [ 3850, 2 ], [ 4158, 1 ], [ 4455, 1 ], 
  [ 5632, 1 ], [ 5775, 1 ] ]
2.A12 [ 32, 160, 160, 704, 704, 1408, 1408, 1760, 1760, 1760, 1760, 1760, 1792, 2112, 2112, 2640, 2640, 3840, 5600, 
  5632, 7392, 7776 ]

 ----M12---- 
[ [ 1, 1 ], [ 11, 2 ], [ 16, 2 ], [ 45, 1 ], [ 54, 1 ], [ 55, 3 ], [ 66, 1 ], [ 99, 1 ], [ 120, 1 ], [ 144, 1 ], 
  [ 176, 1 ] ]
2.M12 [ 10, 10, 12, 32, 44, 44, 110, 110, 120, 160, 160 ]

 ----M22---- 
[ [ 1, 1 ], [ 21, 1 ], [ 45, 2 ], [ 55, 1 ], [ 99, 1 ], [ 154, 1 ], [ 210, 1 ], [ 231, 1 ], [ 280, 2 ], [ 385, 1 ] ]
2.M22 [ 10, 10, 56, 120, 126, 126, 154, 154, 210, 330, 440 ]
3.M22 [ 21, 45, 45, 99, 105, 105, 210, 231, 231, 330, 384 ]
4.M22 [ 56, 56, 144, 144, 160, 160, 176, 560 ]
6.M22 [ 66, 66, 120, 126, 126, 210, 210, 210, 330, 384 ]
12.M22 [ 120, 120, 144, 144, 336, 336, 384 ]

 ----J2---- 
[ [ 1, 1 ], [ 14, 2 ], [ 21, 2 ], [ 36, 1 ], [ 63, 1 ], [ 70, 2 ], [ 90, 1 ], [ 126, 1 ], [ 160, 1 ], [ 175, 1 ], 
  [ 189, 2 ], [ 224, 2 ], [ 225, 1 ], [ 288, 1 ], [ 300, 1 ], [ 336, 1 ] ]
2.J2 [ 6, 6, 14, 50, 50, 56, 56, 64, 64, 84, 126, 126, 216, 252, 336, 350, 448 ]

 ----HS---- 
[ [ 1, 1 ], [ 22, 1 ], [ 77, 1 ], [ 154, 3 ], [ 175, 1 ], [ 231, 1 ], [ 693, 1 ], [ 770, 3 ], [ 825, 1 ], [ 896, 2 ], 
  [ 1056, 1 ], [ 1386, 1 ], [ 1408, 1 ], [ 1750, 1 ], [ 1925, 2 ], [ 2520, 1 ], [ 2750, 1 ], [ 3200, 1 ] ]
2.HS [ 56, 176, 176, 616, 616, 924, 924, 1000, 1232, 1232, 1792, 1848, 1980, 1980, 2304, 2304, 2520, 2520 ]

 ----McL---- 
[ [ 1, 1 ], [ 22, 1 ], [ 231, 1 ], [ 252, 1 ], [ 770, 2 ], [ 896, 2 ], [ 1750, 1 ], [ 3520, 2 ], [ 4500, 1 ], 
  [ 4752, 1 ], [ 5103, 1 ], [ 5544, 1 ], [ 8019, 2 ], [ 8250, 2 ], [ 9625, 1 ], [ 9856, 2 ], [ 10395, 2 ] ]
3.McL [ 126, 126, 792, 1980, 2376, 2376, 2520, 2520, 2772, 4752, 5103, 6336, 6336, 7875, 8019, 8019, 8064, 10395, 
  10395, 10395, 12375 ]

 ----L3(2)---- 
[ [ 1, 1 ], [ 3, 2 ], [ 6, 1 ], [ 7, 1 ], [ 8, 1 ] ]
2.L3(2) [ 4, 4, 6, 6, 8 ]

 ----L3(4)---- 
[ [ 1, 1 ], [ 20, 1 ], [ 35, 3 ], [ 45, 2 ], [ 63, 2 ], [ 64, 1 ] ]
2.L3(4) [ 10, 10, 28, 28, 36, 64, 70, 90 ]
3.L3(4) [ 15, 15, 15, 21, 45, 45, 63, 63, 84 ]
6.L3(4) [ 6, 36, 42, 42, 60, 60, 90 ]
4_1.L3(4) [ 8, 8, 56, 64, 80, 80 ]
4_2.L3(4) [ 20, 28, 28, 36, 64, 80, 80 ]
12_1.L3(4) [ 24, 24, 48, 48, 120 ]
12_2.L3(4) [ 36, 48, 48, 60, 60, 84 ]

 ----L2(49)---- 
[ [ 1, 1 ], [ 25, 2 ], [ 48, 12 ], [ 49, 1 ], [ 50, 11 ] ]
2.L2(49) [ 24, 24, 48, 48, 48, 48, 48, 48, 48, 48, 48, 48, 48, 48, 50, 50, 50, 50, 50, 50, 50, 50, 50, 50, 50, 50 ]

 ----L2(11)---- 
[ [ 1, 1 ], [ 5, 2 ], [ 10, 2 ], [ 11, 1 ], [ 12, 2 ] ]
2.L2(11) [ 6, 6, 10, 10, 10, 12, 12 ]

 ----O7(2)---- 
[ [ 1, 1 ], [ 7, 1 ], [ 15, 1 ], [ 21, 2 ], [ 27, 1 ], [ 35, 2 ], [ 56, 1 ], [ 70, 1 ], [ 84, 1 ], [ 105, 3 ], 
  [ 120, 1 ], [ 168, 1 ], [ 189, 3 ], [ 210, 2 ], [ 216, 1 ], [ 280, 2 ], [ 315, 1 ], [ 336, 1 ], [ 378, 1 ], 
  [ 405, 1 ], [ 420, 1 ], [ 512, 1 ] ]
2.S6(2) [ 8, 48, 64, 64, 112, 112, 120, 168, 280, 448, 512, 560, 720 ]

 ----O5(7)---- 
[ [ 1, 1 ], [ 25, 2 ], [ 126, 1 ], [ 150, 2 ], [ 175, 2 ], [ 224, 1 ], [ 300, 4 ], [ 350, 1 ], [ 400, 3 ], 
  [ 900, 2 ], [ 1050, 2 ], [ 1200, 6 ], [ 1225, 2 ], [ 1600, 2 ], [ 1800, 1 ], [ 2100, 4 ], [ 2304, 6 ], [ 2400, 6 ], 
  [ 2401, 1 ], [ 2800, 3 ] ]
No projective info 

 ----O8+(2)---- 
[ [ 1, 1 ], [ 28, 1 ], [ 35, 3 ], [ 50, 1 ], [ 84, 3 ], [ 175, 1 ], [ 210, 3 ], [ 300, 1 ], [ 350, 1 ], [ 525, 1 ], 
  [ 567, 3 ], [ 700, 4 ], [ 840, 3 ], [ 972, 1 ], [ 1050, 3 ], [ 1344, 3 ], [ 1400, 1 ], [ 1575, 3 ], [ 2100, 3 ], 
  [ 2240, 3 ], [ 2268, 3 ], [ 2835, 3 ], [ 3200, 1 ], [ 4096, 1 ], [ 4200, 1 ], [ 6075, 1 ] ]
2.O8+(2) [ 8, 56, 112, 160, 224, 224, 400, 448, 560, 672, 672, 840, 1008, 1008, 1008, 1296, 1400, 1400, 2400, 2800, 
  2800, 2800, 3240, 3360, 3584, 3584, 4096, 4200, 4536, 5600 ]

 ----U4(2)---- 
[ [ 1, 1 ], [ 5, 2 ], [ 6, 1 ], [ 10, 2 ], [ 15, 2 ], [ 20, 1 ], [ 24, 1 ], [ 30, 3 ], [ 40, 2 ], [ 45, 2 ], 
  [ 60, 1 ], [ 64, 1 ], [ 81, 1 ] ]
2.U4(2) [ 4, 4, 20, 20, 20, 20, 20, 36, 36, 60, 60, 60, 64, 80 ]

 ----U6(2)---- 
[ [ 1, 1 ], [ 22, 1 ], [ 231, 1 ], [ 252, 1 ], [ 385, 1 ], [ 440, 1 ], [ 560, 1 ], [ 616, 1 ], [ 770, 2 ], 
  [ 1155, 3 ], [ 1386, 1 ], [ 1540, 1 ], [ 3080, 2 ], [ 3520, 1 ], [ 4620, 1 ], [ 4928, 1 ], [ 5544, 1 ], 
  [ 6160, 2 ], [ 6930, 1 ], [ 8064, 1 ], [ 9240, 3 ], [ 10395, 5 ], [ 11264, 1 ], [ 13860, 1 ], [ 14784, 1 ], 
  [ 18711, 2 ], [ 20790, 2 ], [ 24640, 1 ], [ 25515, 2 ], [ 32768, 1 ], [ 37422, 1 ], [ 40095, 1 ] ]
2.U6(2) [ 56, 176, 616, 792, 1232, 2464, 3080, 3360, 3360, 5544, 6160, 6160, 6160, 7776, 9856, 11264, 12320, 12320, 
  12320, 13608, 15840, 18480, 21384, 22176, 24640, 24640, 24640, 27720, 30240, 32768, 44352 ]
3.U6(2) [ 21, 210, 231, 462, 924, 1155, 1386, 1485, 1485, 1485, 2310, 2310, 2520, 2772, 3465, 3465, 3465, 3465, 3696, 
  4620, 4620, 5544, 6720, 6930, 9240, 9240, 10395, 11088, 11880, 11880, 11880, 14784, 18480, 18711, 18711, 20790, 
  21504, 25515, 25515, 27720, 29568, 37422, 40095 ]
6.U6(2) [ 120, 672, 1056, 1848, 2640, 3696, 5544, 6336, 7392, 7392, 7776, 9240, 9240, 13608, 14784, 15120, 15120, 
  18480, 18480, 21120, 21384, 21504, 22176, 22176, 27720, 36960, 36960, 36960 ]

 ----U4(3)---- 
[ [ 1, 1 ], [ 21, 1 ], [ 35, 2 ], [ 90, 1 ], [ 140, 1 ], [ 189, 1 ], [ 210, 1 ], [ 280, 4 ], [ 315, 2 ], [ 420, 1 ], 
  [ 560, 1 ], [ 640, 2 ], [ 729, 1 ], [ 896, 1 ] ]
2.U4(3) [ 20, 56, 56, 70, 70, 70, 70, 70, 120, 210, 210, 504, 504, 540, 560, 630, 640, 640, 896 ]
4.U4(3) [ 20, 120, 140, 224, 224, 224, 224, 280, 280, 280, 420, 540, 640, 640, 840, 896 ]
3_1.U4(3) [ 15, 21, 105, 105, 105, 210, 315, 336, 360, 360, 384, 420, 630, 729, 756, 945 ]
3_2.U4(3) [ 36, 45, 45, 126, 189, 315, 315, 315, 630, 720, 729, 756, 945 ]
6_1.U4(3) [ 6, 84, 120, 126, 210, 270, 270, 336, 384, 420, 630, 630, 630, 840, 840 ]
6_2.U4(3) [ 90, 126, 126, 126, 126, 270, 270, 504, 540, 630, 720, 1260 ]
12_1.U4(3) [ 84, 120, 216, 384, 420, 420, 480, 480, 504, 756, 840, 840 ]
12_2.U4(3) [ 36, 216, 360, 360, 504, 504, 540, 756, 1260 ]

 ----U3(5)---- 
[ [ 1, 1 ], [ 20, 1 ], [ 21, 1 ], [ 28, 3 ], [ 84, 1 ], [ 105, 1 ], [ 125, 1 ], [ 126, 3 ], [ 144, 2 ] ]
3.U3(5) [ 21, 21, 48, 48, 48, 84, 105, 105, 126, 126, 126, 144, 144 ]


 ====Trivial Multiplier==== 


 ----M11---- 
[ [ 1, 1 ], [ 10, 3 ], [ 11, 1 ], [ 16, 2 ], [ 44, 1 ], [ 45, 1 ], [ 55, 1 ] ]

 ----L2(8)---- 
[ [ 1, 1 ], [ 7, 4 ], [ 8, 1 ], [ 9, 3 ] ]

 ----U5(2)---- 
[ [ 1, 1 ], [ 10, 1 ], [ 11, 2 ], [ 44, 1 ], [ 55, 3 ], [ 66, 2 ], [ 110, 5 ], [ 120, 1 ], [ 165, 1 ], [ 176, 1 ], 
  [ 220, 4 ], [ 264, 2 ], [ 320, 1 ], [ 330, 2 ], [ 440, 3 ], [ 495, 4 ], [ 660, 1 ], [ 704, 2 ], [ 880, 2 ], 
  [ 891, 3 ], [ 990, 2 ], [ 1024, 1 ], [ 1215, 2 ] ]

 ----U3(3)---- 
[ [ 1, 1 ], [ 6, 1 ], [ 7, 3 ], [ 14, 1 ], [ 21, 3 ], [ 27, 1 ], [ 28, 2 ], [ 32, 2 ] ]


 ====Missing groups==== 



 ====Unknown projective information groups==== 

O5(7) ,

 ====Confirmed groups==== 

A6 ,A6 ,A7 ,A11 ,M12 ,M22 ,L3(4) ,L2(11) ,L2(11) ,U4(2) ,M11 ,U5(2) ,