

 ====Non Trivial Multiplier==== 


 ----A5---- 
[ [ 1, 1 ], [ 3, 2 ], [ 4, 1 ], [ 5, 1 ] ]
2.A5 [ 2, 2, 4, 6 ]

 ----A6---- 
[ [ 1, 1 ], [ 5, 2 ], [ 8, 2 ], [ 9, 1 ], [ 10, 1 ] ]
2.A6 [ 4, 4, 8, 8, 10, 10 ]
3.A6 [ 3, 3, 6, 9, 15 ]
6.A6 [ 6, 6, 12, 12 ]

 ----A7---- 
[ [ 1, 1 ], [ 6, 1 ], [ 10, 2 ], [ 14, 2 ], [ 15, 1 ], [ 21, 1 ], [ 35, 1 ] ]
2.A7 [ 4, 4, 14, 14, 20, 20, 36 ]
3.A7 [ 6, 15, 15, 21, 21, 24, 24 ]
6.A7 [ 6, 6, 24, 24, 36 ]

 ----A8---- 
[ [ 1, 1 ], [ 7, 1 ], [ 14, 1 ], [ 20, 1 ], [ 21, 3 ], [ 28, 1 ], [ 35, 1 ], [ 45, 2 ], [ 56, 1 ], [ 64, 1 ], [ 70, 1 ] ]
2.A8 [ 8, 24, 24, 48, 56, 56, 56, 56, 64 ]

 ----A9---- 
[ [ 1, 1 ], [ 8, 1 ], [ 21, 2 ], [ 27, 1 ], [ 28, 1 ], [ 35, 2 ], [ 42, 1 ], [ 48, 1 ], [ 56, 1 ], [ 84, 1 ], [ 105, 1 ], [ 120, 1 ], [ 162, 1 ], [ 168, 1 ], [ 189, 1 ], [ 216, 1 ] ]
2.A9 [ 8, 8, 48, 48, 56, 112, 120, 120, 160, 168, 168, 224 ]

 ----A10---- 
[ [ 1, 1 ], [ 9, 1 ], [ 35, 1 ], [ 36, 1 ], [ 42, 1 ], [ 75, 1 ], [ 84, 1 ], [ 90, 1 ], [ 126, 1 ], [ 160, 1 ], [ 210, 1 ], [ 224, 2 ], [ 225, 1 ], [ 252, 1 ], [ 288, 1 ], [ 300, 1 ], [ 315, 1 ], [ 350, 1 ], [ 384, 2 ], [ 450, 1 ], [ 525, 1 ], [ 567, 1 ] ]
2.A10 [ 16, 48, 48, 64, 64, 216, 216, 336, 336, 384, 384, 400, 432, 448, 800 ]

 ----A11---- 
[ [ 1, 1 ], [ 10, 1 ], [ 44, 1 ], [ 45, 1 ], [ 110, 1 ], [ 120, 1 ], [ 126, 2 ], [ 132, 1 ], [ 165, 1 ], [ 210, 1 ], [ 231, 1 ], [ 330, 1 ], 
  [ 385, 1 ], [ 462, 1 ], [ 550, 1 ], [ 594, 3 ], [ 660, 1 ], [ 693, 1 ], [ 825, 1 ], [ 924, 1 ], [ 990, 2 ], [ 1100, 1 ], [ 1155, 1 ], [ 1232, 1 ], [ 1320, 1 ], [ 1540, 1 ], [ 2310, 1 ] ]
2.A11 [ 16, 16, 144, 528, 560, 616, 616, 672, 880, 880, 1200, 1232, 1232, 1440, 1584, 1584, 1584, 1584 ]

 ----A12---- 
[ [ 1, 1 ], [ 11, 1 ], [ 54, 1 ], [ 55, 1 ], [ 132, 1 ], [ 154, 1 ], [ 165, 1 ], [ 275, 1 ], [ 297, 1 ], [ 320, 1 ], [ 330, 1 ], [ 462, 2 ], 
  [ 616, 1 ], [ 891, 1 ], [ 945, 1 ], [ 1050, 2 ], [ 1155, 1 ], [ 1320, 3 ], [ 1408, 1 ], [ 1485, 1 ], [ 1650, 1 ], [ 1728, 1 ], [ 1925, 2 ], [ 2079, 1 ], [ 2112, 1 ], [ 2376, 1 ], [ 2673, 1 ], [ 2970, 1 ], [ 3080, 1 ], [ 3520, 1 ], [ 3564, 1 ], 
  [ 3696, 1 ], [ 3850, 2 ], [ 4158, 1 ], [ 4455, 1 ], [ 5632, 1 ], [ 5775, 1 ] ]
2.A12 [ 32, 160, 160, 704, 704, 1408, 1408, 1760, 1760, 1760, 1760, 1760, 1792, 2112, 2112, 2640, 2640, 3840, 5600, 5632, 7392, 7776 ]

 ----A13---- 
[ [ 1, 1 ], [ 12, 1 ], [ 65, 1 ], [ 66, 1 ], [ 208, 1 ], [ 220, 1 ], [ 429, 3 ], [ 462, 2 ], [ 495, 1 ], [ 572, 1 ], [ 792, 1 ], [ 936, 1 ], 
  [ 1287, 1 ], [ 1365, 1 ], [ 1430, 1 ], [ 2574, 2 ], [ 2860, 1 ], [ 3003, 1 ], [ 3432, 3 ], [ 3575, 1 ], [ 3640, 1 ], [ 4004, 1 ], [ 4212, 1 ], [ 4290, 3 ], [ 5005, 1 ], [ 5148, 1 ], [ 5720, 1 ], [ 6006, 1 ], [ 6435, 1 ], [ 6864, 1 ], [ 7371, 1 ], 
  [ 7800, 1 ], [ 8008, 2 ], [ 8580, 1 ], [ 9009, 1 ], [ 9360, 1 ], [ 10296, 1 ], [ 11440, 1 ], [ 11583, 1 ], [ 12012, 2 ], [ 12870, 1 ], [ 15015, 1 ], [ 17160, 1 ], [ 20592, 1 ], [ 21450, 1 ] ]
2.A13 [ 32, 32, 352, 1728, 2496, 2496, 4224, 4576, 4928, 8800, 9152, 9152, 9152, 9152, 9152, 9504, 11232, 11232, 11232, 11232, 13728, 13728, 13728, 16016, 16016, 20800, 20800 ]

 ----A14---- 
[ [ 1, 1 ], [ 13, 1 ], [ 77, 1 ], [ 78, 1 ], [ 273, 1 ], [ 286, 1 ], [ 429, 1 ], [ 560, 1 ], [ 637, 1 ], [ 715, 1 ], [ 1001, 2 ], [ 1287, 1 ], 
  [ 1365, 1 ], [ 1716, 1 ], [ 2002, 1 ], [ 2079, 1 ], [ 4368, 1 ], [ 4576, 1 ], [ 4752, 2 ], [ 4928, 1 ], [ 5733, 1 ], [ 6006, 3 ], [ 6435, 1 ], [ 7007, 3 ], [ 7644, 1 ], [ 8085, 1 ], [ 9009, 1 ], [ 12012, 2 ], [ 13650, 1 ], [ 14014, 3 ], [ 15015, 3 ], 
  [ 15444, 1 ], [ 16016, 1 ], [ 20384, 1 ], [ 21021, 3 ], [ 21450, 2 ], [ 23296, 1 ], [ 24960, 1 ], [ 27027, 2 ], [ 28028, 1 ], [ 28665, 1 ], [ 29952, 2 ], [ 34320, 2 ], 
  [ 35035, 2 ], [ 36608, 1 ], [ 42042, 2 ], [ 47775, 1 ], [ 48048, 2 ], [ 50050, 1 ], [ 63063, 1 ], [ 64064, 1 ], [ 69498, 1 ] ]
No projective info 

 ----A15---- 
[ [ 1, 1 ], [ 14, 1 ], [ 90, 1 ], [ 91, 1 ], [ 350, 1 ], [ 364, 1 ], [ 715, 1 ], [ 910, 1 ], [ 1001, 1 ], [ 1430, 1 ], [ 1638, 1 ], [ 1716, 2 ], 
  [ 1925, 1 ], [ 2002, 2 ], [ 2835, 1 ], [ 2925, 1 ], [ 3003, 1 ], [ 5005, 1 ], [ 6006, 1 ], [ 7007, 1 ], [ 7722, 1 ], [ 9100, 1 ], [ 9450, 1 ], [ 11088, 1 ], [ 11375, 1 ], [ 11583, 1 ], [ 12012, 2 ], [ 12740, 1 ], [ 13650, 1 ], [ 14300, 1 ], [ 19305, 1 ], 
  [ 21450, 1 ], [ 22113, 1 ], [ 24948, 1 ], [ 25025, 3 ], [ 26950, 1 ], [ 27027, 1 ], [ 28028, 1 ], [ 30030, 1 ], [ 32032, 1 ], [ 34398, 1 ], [ 35035, 1 ], [ 35100, 1 ], 
  [ 42042, 2 ], [ 43120, 1 ], [ 44550, 1 ], [ 45045, 1 ], [ 50050, 2 ], [ 51975, 1 ], [ 53625, 1 ], [ 54054, 1 ], [ 57330, 1 ], [ 58968, 1 ], [ 61425, 1 ], [ 63700, 1 ], [ 70070, 1 ], [ 75075, 2 ], [ 78000, 2 ], [ 80080, 1 ], [ 81081, 1 ], [ 90090, 1 ], 
  [ 91000, 1 ], [ 96525, 1 ], [ 100100, 3 ], [ 108108, 1 ], [ 112112, 2 ], [ 122850, 1 ], [ 125125, 1 ], [ 126126, 1 ], [ 128700, 1 ], [ 135135, 1 ], [ 146432, 2 ], [ 150150, 1 ], 
  [ 159250, 1 ], [ 162162, 1 ], [ 175175, 1 ], [ 184275, 1 ], [ 210210, 1 ], [ 221130, 1 ], [ 231660, 1 ], [ 243243, 1 ] ]
No projective info 

 ----M12---- 
[ [ 1, 1 ], [ 11, 2 ], [ 16, 2 ], [ 45, 1 ], [ 54, 1 ], [ 55, 3 ], [ 66, 1 ], [ 99, 1 ], [ 120, 1 ], [ 144, 1 ], [ 176, 1 ] ]
2.M12 [ 10, 10, 12, 32, 44, 44, 110, 110, 120, 160, 160 ]

 ----M22---- 
[ [ 1, 1 ], [ 21, 1 ], [ 45, 2 ], [ 55, 1 ], [ 99, 1 ], [ 154, 1 ], [ 210, 1 ], [ 231, 1 ], [ 280, 2 ], [ 385, 1 ] ]
2.M22 [ 10, 10, 56, 120, 126, 126, 154, 154, 210, 330, 440 ]
3.M22 [ 21, 45, 45, 99, 105, 105, 210, 231, 231, 330, 384 ]
4.M22 [ 56, 56, 144, 144, 160, 160, 176, 560 ]
6.M22 [ 66, 66, 120, 126, 126, 210, 210, 210, 330, 384 ]
12.M22 [ 120, 120, 144, 144, 336, 336, 384 ]

 ----J2---- 
[ [ 1, 1 ], [ 14, 2 ], [ 21, 2 ], [ 36, 1 ], [ 63, 1 ], [ 70, 2 ], [ 90, 1 ], [ 126, 1 ], [ 160, 1 ], [ 175, 1 ], [ 189, 2 ], [ 224, 2 ], [ 225, 1 ], [ 288, 1 ], [ 300, 1 ], [ 336, 1 ] ]
2.J2 [ 6, 6, 14, 50, 50, 56, 56, 64, 64, 84, 126, 126, 216, 252, 336, 350, 448 ]

 ----HS---- 
[ [ 1, 1 ], [ 22, 1 ], [ 77, 1 ], [ 154, 3 ], [ 175, 1 ], [ 231, 1 ], [ 693, 1 ], [ 770, 3 ], [ 825, 1 ], [ 896, 2 ], [ 1056, 1 ], [ 1386, 1 ], [ 1408, 1 ], [ 1750, 1 ], [ 1925, 2 ], [ 2520, 1 ], [ 2750, 1 ], [ 3200, 1 ] ]
2.HS [ 56, 176, 176, 616, 616, 924, 924, 1000, 1232, 1232, 1792, 1848, 1980, 1980, 2304, 2304, 2520, 2520 ]

 ----McL---- 
[ [ 1, 1 ], [ 22, 1 ], [ 231, 1 ], [ 252, 1 ], [ 770, 2 ], [ 896, 2 ], [ 1750, 1 ], [ 3520, 2 ], [ 4500, 1 ], [ 4752, 1 ], [ 5103, 1 ], [ 5544, 1 ], [ 8019, 2 ], [ 8250, 2 ], [ 9625, 1 ], [ 9856, 2 ], [ 10395, 2 ] ]
3.McL [ 126, 126, 792, 1980, 2376, 2376, 2520, 2520, 2772, 4752, 5103, 6336, 6336, 7875, 8019, 8019, 8064, 10395, 10395, 10395, 12375 ]

 ----L3(2)---- 
[ [ 1, 1 ], [ 3, 2 ], [ 6, 1 ], [ 7, 1 ], [ 8, 1 ] ]
2.L3(2) [ 4, 4, 6, 6, 8 ]

 ----L3(4)---- 
[ [ 1, 1 ], [ 20, 1 ], [ 35, 3 ], [ 45, 2 ], [ 63, 2 ], [ 64, 1 ] ]
2.L3(4) [ 10, 10, 28, 28, 36, 64, 70, 90 ]
3.L3(4) [ 15, 15, 15, 21, 45, 45, 63, 63, 84 ]
6.L3(4) [ 6, 36, 42, 42, 60, 60, 90 ]
4_1.L3(4) [ 8, 8, 56, 64, 80, 80 ]
4_2.L3(4) [ 20, 28, 28, 36, 64, 80, 80 ]
12_1.L3(4) [ 24, 24, 48, 48, 120 ]
12_2.L3(4) [ 36, 48, 48, 60, 60, 84 ]

 ----L4(3)---- 
[ [ 1, 1 ], [ 26, 2 ], [ 39, 1 ], [ 52, 1 ], [ 65, 2 ], [ 90, 1 ], [ 234, 2 ], [ 260, 3 ], [ 351, 1 ], [ 390, 1 ], [ 416, 4 ], [ 468, 1 ], [ 585, 2 ], [ 640, 4 ], [ 729, 1 ], [ 780, 1 ], [ 1040, 1 ] ]
2.L4(3) [ 40, 208, 208, 208, 208, 260, 260, 416, 416, 416, 416, 480, 520, 520, 520, 640, 640, 640, 640, 780, 780, 1080 ]

 ----L2(27)---- 
[ [ 1, 1 ], [ 13, 2 ], [ 26, 6 ], [ 27, 1 ], [ 28, 6 ] ]
2.L2(27) [ 14, 14, 26, 26, 26, 26, 26, 26, 26, 28, 28, 28, 28, 28, 28 ]

 ----L2(25)---- 
[ [ 1, 1 ], [ 13, 2 ], [ 24, 6 ], [ 25, 1 ], [ 26, 5 ] ]
2.L2(25) [ 12, 12, 24, 24, 24, 24, 24, 24, 26, 26, 26, 26, 26, 26 ]

 ----L2(49)---- 
[ [ 1, 1 ], [ 25, 2 ], [ 48, 12 ], [ 49, 1 ], [ 50, 11 ] ]
2.L2(49) [ 24, 24, 48, 48, 48, 48, 48, 48, 48, 48, 48, 48, 48, 48, 50, 50, 50, 50, 50, 50, 50, 50, 50, 50, 50, 50 ]

 ----L2(11)---- 
[ [ 1, 1 ], [ 5, 2 ], [ 10, 2 ], [ 11, 1 ], [ 12, 2 ] ]
2.L2(11) [ 6, 6, 10, 10, 10, 12, 12 ]

 ----L2(13)---- 
[ [ 1, 1 ], [ 7, 2 ], [ 12, 3 ], [ 13, 1 ], [ 14, 2 ] ]
2.L2(13) [ 6, 6, 12, 12, 12, 14, 14, 14 ]

 ----O7(2)---- 
[ [ 1, 1 ], [ 7, 1 ], [ 15, 1 ], [ 21, 2 ], [ 27, 1 ], [ 35, 2 ], [ 56, 1 ], [ 70, 1 ], [ 84, 1 ], [ 105, 3 ], [ 120, 1 ], [ 168, 1 ], [ 189, 3 ], [ 210, 2 ], [ 216, 1 ], [ 280, 2 ], [ 315, 1 ], [ 336, 1 ], [ 378, 1 ], [ 405, 1 ], [ 420, 1 ], [ 512, 1 ] ]
2.S6(2) [ 8, 48, 64, 64, 112, 112, 120, 168, 280, 448, 512, 560, 720 ]

 ----O5(5)---- 
[ [ 1, 1 ], [ 13, 2 ], [ 40, 1 ], [ 65, 2 ], [ 78, 2 ], [ 90, 1 ], [ 104, 3 ], [ 130, 1 ], [ 156, 1 ], [ 208, 2 ], [ 312, 4 ], [ 325, 2 ], [ 390, 2 ], [ 520, 3 ], [ 576, 3 ], [ 624, 2 ], [ 625, 1 ], [ 780, 1 ] ]
2.S4(5) [ 12, 12, 52, 52, 104, 156, 208, 208, 260, 260, 300, 300, 312, 312, 416, 468, 468, 520, 576, 576, 576, 624, 624, 624, 624, 780 ]

 ----O5(7)---- 
[ [ 1, 1 ], [ 25, 2 ], [ 126, 1 ], [ 150, 2 ], [ 175, 2 ], [ 224, 1 ], [ 300, 4 ], [ 350, 1 ], [ 400, 3 ], [ 900, 2 ], [ 1050, 2 ], [ 1200, 6 ], [ 1225, 2 ], [ 1600, 2 ], [ 1800, 1 ], [ 2100, 4 ], [ 2304, 6 ], [ 2400, 6 ], [ 2401, 1 ], [ 2800, 3 ] ]
No projective info 

 ----G2(3)---- 
[ [ 1, 1 ], [ 14, 1 ], [ 64, 2 ], [ 78, 1 ], [ 91, 3 ], [ 104, 1 ], [ 168, 1 ], [ 182, 2 ], [ 273, 2 ], [ 448, 2 ], [ 546, 2 ], [ 728, 2 ], [ 729, 1 ], [ 819, 1 ], [ 832, 1 ] ]
3.G2(3) [ 27, 27, 189, 189, 351, 351, 351, 378, 378, 729, 1728 ]

 ----U4(2)---- 
[ [ 1, 1 ], [ 5, 2 ], [ 6, 1 ], [ 10, 2 ], [ 15, 2 ], [ 20, 1 ], [ 24, 1 ], [ 30, 3 ], [ 40, 2 ], [ 45, 2 ], [ 60, 1 ], [ 64, 1 ], [ 81, 1 ] ]
2.U4(2) [ 4, 4, 20, 20, 20, 20, 20, 36, 36, 60, 60, 60, 64, 80 ]

 ----U4(3)---- 
[ [ 1, 1 ], [ 21, 1 ], [ 35, 2 ], [ 90, 1 ], [ 140, 1 ], [ 189, 1 ], [ 210, 1 ], [ 280, 4 ], [ 315, 2 ], [ 420, 1 ], [ 560, 1 ], [ 640, 2 ], [ 729, 1 ], [ 896, 1 ] ]
2.U4(3) [ 20, 56, 56, 70, 70, 70, 70, 70, 120, 210, 210, 504, 504, 540, 560, 630, 640, 640, 896 ]
4.U4(3) [ 20, 120, 140, 224, 224, 224, 224, 280, 280, 280, 420, 540, 640, 640, 840, 896 ]
3_1.U4(3) [ 15, 21, 105, 105, 105, 210, 315, 336, 360, 360, 384, 420, 630, 729, 756, 945 ]
3_2.U4(3) [ 36, 45, 45, 126, 189, 315, 315, 315, 630, 720, 729, 756, 945 ]
6_1.U4(3) [ 6, 84, 120, 126, 210, 270, 270, 336, 384, 420, 630, 630, 630, 840, 840 ]
6_2.U4(3) [ 90, 126, 126, 126, 126, 270, 270, 504, 540, 630, 720, 1260 ]
12_1.U4(3) [ 84, 120, 216, 384, 420, 420, 480, 480, 504, 756, 840, 840 ]
12_2.U4(3) [ 36, 216, 360, 360, 504, 504, 540, 756, 1260 ]

 ----U3(5)---- 
[ [ 1, 1 ], [ 20, 1 ], [ 21, 1 ], [ 28, 3 ], [ 84, 1 ], [ 105, 1 ], [ 125, 1 ], [ 126, 3 ], [ 144, 2 ] ]
3.U3(5) [ 21, 21, 48, 48, 48, 84, 105, 105, 126, 126, 126, 144, 144 ]

 ----U4(5)---- 
[ [ 1, 1 ], [ 104, 2 ], [ 105, 1 ], [ 273, 2 ], [ 378, 2 ], [ 546, 2 ], [ 650, 1 ], [ 756, 1 ], [ 2080, 2 ], [ 2184, 4 ], [ 2625, 1 ], [ 2730, 5 ], 
  [ 3276, 3 ], [ 4368, 2 ], [ 6825, 2 ], [ 8736, 1 ], [ 9450, 2 ], [ 9828, 4 ], [ 10920, 4 ], [ 13000, 2 ], [ 13104, 12 ], [ 13650, 2 ], [ 14976, 20 ], [ 15625, 1 ], [ 16380, 3 ], [ 18144, 12 ], [ 18900, 1 ], [ 19656, 2 ] ]
No projective info 

 ----Sz(8)---- 
[ [ 1, 1 ], [ 14, 2 ], [ 35, 3 ], [ 64, 1 ], [ 65, 3 ], [ 91, 1 ] ]
2.Sz(8) [ 40, 40, 40, 56, 56, 56, 64, 104 ]


 ====Trivial Multiplier==== 


 ----M11---- 
[ [ 1, 1 ], [ 10, 3 ], [ 11, 1 ], [ 16, 2 ], [ 44, 1 ], [ 45, 1 ], [ 55, 1 ] ]

 ----L2(8)---- 
[ [ 1, 1 ], [ 7, 4 ], [ 8, 1 ], [ 9, 3 ] ]

 ----L2(64)---- 
[ [ 1, 1 ], [ 63, 32 ], [ 64, 1 ], [ 65, 31 ] ]

 ----L3(3)---- 
[ [ 1, 1 ], [ 12, 1 ], [ 13, 1 ], [ 16, 4 ], [ 26, 3 ], [ 27, 1 ], [ 39, 1 ] ]

 ----L3(9)---- 
[ [ 1, 1 ], [ 90, 1 ], [ 91, 7 ], [ 640, 30 ], [ 728, 36 ], [ 729, 1 ], [ 819, 7 ], [ 910, 7 ] ]

 ----U5(2)---- 
[ [ 1, 1 ], [ 10, 1 ], [ 11, 2 ], [ 44, 1 ], [ 55, 3 ], [ 66, 2 ], [ 110, 5 ], [ 120, 1 ], [ 165, 1 ], [ 176, 1 ], [ 220, 4 ], [ 264, 2 ], 
  [ 320, 1 ], [ 330, 2 ], [ 440, 3 ], [ 495, 4 ], [ 660, 1 ], [ 704, 2 ], [ 880, 2 ], [ 891, 3 ], [ 990, 2 ], [ 1024, 1 ], [ 1215, 2 ] ]

 ----U3(4)---- 
[ [ 1, 1 ], [ 12, 1 ], [ 13, 4 ], [ 39, 2 ], [ 52, 4 ], [ 64, 1 ], [ 65, 5 ], [ 75, 4 ] ]

 ----U3(3)---- 
[ [ 1, 1 ], [ 6, 1 ], [ 7, 3 ], [ 14, 1 ], [ 21, 3 ], [ 27, 1 ], [ 28, 2 ], [ 32, 2 ] ]


 ====Missing groups==== 



 ====Unknown projective information groups==== 

A14 ,A15 ,O5(7) ,U4(5) ,

 ====Confirmed groups==== 

A8 ,L3(2) ,L2(13) ,O7(2) ,L2(8) ,U3(3) ,