

 ====Non Trivial Multiplier==== 


 ----A5---- 
[ [ 1, 1 ], [ 3, 2 ], [ 4, 1 ], [ 5, 1 ] ]
2.A5 [ 2, 2, 4, 6 ]

 ----A6---- 
[ [ 1, 1 ], [ 5, 2 ], [ 8, 2 ], [ 9, 1 ], [ 10, 1 ] ]
2.A6 [ 4, 4, 8, 8, 10, 10 ]
3.A6 [ 3, 3, 6, 9, 15 ]
6.A6 [ 6, 6, 12, 12 ]

 ----A7---- 
[ [ 1, 1 ], [ 6, 1 ], [ 10, 2 ], [ 14, 2 ], [ 15, 1 ], [ 21, 1 ], [ 35, 1 ] ]
2.A7 [ 4, 4, 14, 14, 20, 20, 36 ]
3.A7 [ 6, 15, 15, 21, 21, 24, 24 ]
6.A7 [ 6, 6, 24, 24, 36 ]

 ----A8---- 
[ [ 1, 1 ], [ 7, 1 ], [ 14, 1 ], [ 20, 1 ], [ 21, 3 ], [ 28, 1 ], [ 35, 1 ], [ 45, 2 ], [ 56, 1 ], [ 64, 1 ], [ 70, 1 ] ]
2.A8 [ 8, 24, 24, 48, 56, 56, 56, 56, 64 ]

 ----A9---- 
[ [ 1, 1 ], [ 8, 1 ], [ 21, 2 ], [ 27, 1 ], [ 28, 1 ], [ 35, 2 ], [ 42, 1 ], [ 48, 1 ], [ 56, 1 ], [ 84, 1 ], [ 105, 1 ], [ 120, 1 ], [ 162, 1 ], [ 168, 1 ], [ 189, 1 ], [ 216, 1 ] ]
2.A9 [ 8, 8, 48, 48, 56, 112, 120, 120, 160, 168, 168, 224 ]

 ----A10---- 
[ [ 1, 1 ], [ 9, 1 ], [ 35, 1 ], [ 36, 1 ], [ 42, 1 ], [ 75, 1 ], [ 84, 1 ], [ 90, 1 ], [ 126, 1 ], [ 160, 1 ], [ 210, 1 ], [ 224, 2 ], [ 225, 1 ], [ 252, 1 ], [ 288, 1 ], [ 300, 1 ], [ 315, 1 ], [ 350, 1 ], [ 384, 2 ], [ 450, 1 ], [ 525, 1 ], [ 567, 1 ] ]
2.A10 [ 16, 48, 48, 64, 64, 216, 216, 336, 336, 384, 384, 400, 432, 448, 800 ]

 ----J2---- 
[ [ 1, 1 ], [ 14, 2 ], [ 21, 2 ], [ 36, 1 ], [ 63, 1 ], [ 70, 2 ], [ 90, 1 ], [ 126, 1 ], [ 160, 1 ], [ 175, 1 ], [ 189, 2 ], [ 224, 2 ], [ 225, 1 ], [ 288, 1 ], [ 300, 1 ], [ 336, 1 ] ]
2.J2 [ 6, 6, 14, 50, 50, 56, 56, 64, 64, 84, 126, 126, 216, 252, 336, 350, 448 ]

 ----L3(2)---- 
[ [ 1, 1 ], [ 3, 2 ], [ 6, 1 ], [ 7, 1 ], [ 8, 1 ] ]
2.L3(2) [ 4, 4, 6, 6, 8 ]

 ----L3(4)---- 
[ [ 1, 1 ], [ 20, 1 ], [ 35, 3 ], [ 45, 2 ], [ 63, 2 ], [ 64, 1 ] ]
2.L3(4) [ 10, 10, 28, 28, 36, 64, 70, 90 ]
3.L3(4) [ 15, 15, 15, 21, 45, 45, 63, 63, 84 ]
6.L3(4) [ 6, 36, 42, 42, 60, 60, 90 ]
4_1.L3(4) [ 8, 8, 56, 64, 80, 80 ]
4_2.L3(4) [ 20, 28, 28, 36, 64, 80, 80 ]
12_1.L3(4) [ 24, 24, 48, 48, 120 ]
12_2.L3(4) [ 36, 48, 48, 60, 60, 84 ]

 ----L2(49)---- 
[ [ 1, 1 ], [ 25, 2 ], [ 48, 12 ], [ 49, 1 ], [ 50, 11 ] ]
2.L2(49) [ 24, 24, 48, 48, 48, 48, 48, 48, 48, 48, 48, 48, 48, 48, 50, 50, 50, 50, 50, 50, 50, 50, 50, 50, 50, 50 ]

 ----O7(2)---- 
[ [ 1, 1 ], [ 7, 1 ], [ 15, 1 ], [ 21, 2 ], [ 27, 1 ], [ 35, 2 ], [ 56, 1 ], [ 70, 1 ], [ 84, 1 ], [ 105, 3 ], [ 120, 1 ], [ 168, 1 ], [ 189, 3 ], [ 210, 2 ], [ 216, 1 ], [ 280, 2 ], [ 315, 1 ], [ 336, 1 ], [ 378, 1 ], [ 405, 1 ], [ 420, 1 ], [ 512, 1 ] ]
2.S6(2) [ 8, 48, 64, 64, 112, 112, 120, 168, 280, 448, 512, 560, 720 ]

 ----O5(7)---- 
[ [ 1, 1 ], [ 25, 2 ], [ 126, 1 ], [ 150, 2 ], [ 175, 2 ], [ 224, 1 ], [ 300, 4 ], [ 350, 1 ], [ 400, 3 ], [ 900, 2 ], [ 1050, 2 ], [ 1200, 6 ], [ 1225, 2 ], [ 1600, 2 ], [ 1800, 1 ], [ 2100, 4 ], [ 2304, 6 ], [ 2400, 6 ], [ 2401, 1 ], [ 2800, 3 ] ]
No projective info 

 ----O8+(2)---- 
[ [ 1, 1 ], [ 28, 1 ], [ 35, 3 ], [ 50, 1 ], [ 84, 3 ], [ 175, 1 ], [ 210, 3 ], [ 300, 1 ], [ 350, 1 ], [ 525, 1 ], [ 567, 3 ], [ 700, 4 ], 
  [ 840, 3 ], [ 972, 1 ], [ 1050, 3 ], [ 1344, 3 ], [ 1400, 1 ], [ 1575, 3 ], [ 2100, 3 ], [ 2240, 3 ], [ 2268, 3 ], [ 2835, 3 ], [ 3200, 1 ], [ 4096, 1 ], [ 4200, 1 ], [ 6075, 1 ] ]
2.O8+(2) [ 8, 56, 112, 160, 224, 224, 400, 448, 560, 672, 672, 840, 1008, 1008, 1008, 1296, 1400, 1400, 2400, 2800, 2800, 2800, 3240, 3360, 3584, 3584, 4096, 4200, 4536, 5600 ]

 ----U4(2)---- 
[ [ 1, 1 ], [ 5, 2 ], [ 6, 1 ], [ 10, 2 ], [ 15, 2 ], [ 20, 1 ], [ 24, 1 ], [ 30, 3 ], [ 40, 2 ], [ 45, 2 ], [ 60, 1 ], [ 64, 1 ], [ 81, 1 ] ]
2.U4(2) [ 4, 4, 20, 20, 20, 20, 20, 36, 36, 60, 60, 60, 64, 80 ]

 ----U4(3)---- 
[ [ 1, 1 ], [ 21, 1 ], [ 35, 2 ], [ 90, 1 ], [ 140, 1 ], [ 189, 1 ], [ 210, 1 ], [ 280, 4 ], [ 315, 2 ], [ 420, 1 ], [ 560, 1 ], [ 640, 2 ], [ 729, 1 ], [ 896, 1 ] ]
2.U4(3) [ 20, 56, 56, 70, 70, 70, 70, 70, 120, 210, 210, 504, 504, 540, 560, 630, 640, 640, 896 ]
4.U4(3) [ 20, 120, 140, 224, 224, 224, 224, 280, 280, 280, 420, 540, 640, 640, 840, 896 ]
3_1.U4(3) [ 15, 21, 105, 105, 105, 210, 315, 336, 360, 360, 384, 420, 630, 729, 756, 945 ]
3_2.U4(3) [ 36, 45, 45, 126, 189, 315, 315, 315, 630, 720, 729, 756, 945 ]
6_1.U4(3) [ 6, 84, 120, 126, 210, 270, 270, 336, 384, 420, 630, 630, 630, 840, 840 ]
6_2.U4(3) [ 90, 126, 126, 126, 126, 270, 270, 504, 540, 630, 720, 1260 ]
12_1.U4(3) [ 84, 120, 216, 384, 420, 420, 480, 480, 504, 756, 840, 840 ]
12_2.U4(3) [ 36, 216, 360, 360, 504, 504, 540, 756, 1260 ]

 ----U3(5)---- 
[ [ 1, 1 ], [ 20, 1 ], [ 21, 1 ], [ 28, 3 ], [ 84, 1 ], [ 105, 1 ], [ 125, 1 ], [ 126, 3 ], [ 144, 2 ] ]
3.U3(5) [ 21, 21, 48, 48, 48, 84, 105, 105, 126, 126, 126, 144, 144 ]


 ====Trivial Multiplier==== 


 ----L2(8)---- 
[ [ 1, 1 ], [ 7, 4 ], [ 8, 1 ], [ 9, 3 ] ]

 ----U3(3)---- 
[ [ 1, 1 ], [ 6, 1 ], [ 7, 3 ], [ 14, 1 ], [ 21, 3 ], [ 27, 1 ], [ 28, 2 ], [ 32, 2 ] ]


 ====Missing groups==== 



 ====Unknown projective information groups==== 

O5(7) ,

 ====Confirmed groups==== 

A5 ,A6 ,A7 ,A7 ,J2 ,L3(2) ,L3(2) ,L3(4) ,U4(2) ,U4(3) ,U3(3) ,