

 ====Non Trivial Multiplier==== 


 ----A5---- 
[ [ 1, 1 ], [ 3, 2 ], [ 4, 1 ], [ 5, 1 ] ]
2.A5 [ 2, 2, 4, 6 ]

 ----A6---- 
[ [ 1, 1 ], [ 5, 2 ], [ 8, 2 ], [ 9, 1 ], [ 10, 1 ] ]
2.A6 [ 4, 4, 8, 8, 10, 10 ]
3.A6 [ 3, 3, 6, 9, 15 ]
6.A6 [ 6, 6, 12, 12 ]

 ----A7---- 
[ [ 1, 1 ], [ 6, 1 ], [ 10, 2 ], [ 14, 2 ], [ 15, 1 ], [ 21, 1 ], [ 35, 1 ] ]
2.A7 [ 4, 4, 14, 14, 20, 20, 36 ]
3.A7 [ 6, 15, 15, 21, 21, 24, 24 ]
6.A7 [ 6, 6, 24, 24, 36 ]

 ----A8---- 
[ [ 1, 1 ], [ 7, 1 ], [ 14, 1 ], [ 20, 1 ], [ 21, 3 ], [ 28, 1 ], [ 35, 1 ], [ 45, 2 ], [ 56, 1 ], [ 64, 1 ], 
  [ 70, 1 ] ]
2.A8 [ 8, 24, 24, 48, 56, 56, 56, 56, 64 ]

 ----A9---- 
[ [ 1, 1 ], [ 8, 1 ], [ 21, 2 ], [ 27, 1 ], [ 28, 1 ], [ 35, 2 ], [ 42, 1 ], [ 48, 1 ], [ 56, 1 ], [ 84, 1 ], 
  [ 105, 1 ], [ 120, 1 ], [ 162, 1 ], [ 168, 1 ], [ 189, 1 ], [ 216, 1 ] ]
2.A9 [ 8, 8, 48, 48, 56, 112, 120, 120, 160, 168, 168, 224 ]

 ----A10---- 
[ [ 1, 1 ], [ 9, 1 ], [ 35, 1 ], [ 36, 1 ], [ 42, 1 ], [ 75, 1 ], [ 84, 1 ], [ 90, 1 ], [ 126, 1 ], [ 160, 1 ], 
  [ 210, 1 ], [ 224, 2 ], [ 225, 1 ], [ 252, 1 ], [ 288, 1 ], [ 300, 1 ], [ 315, 1 ], [ 350, 1 ], [ 384, 2 ], 
  [ 450, 1 ], [ 525, 1 ], [ 567, 1 ] ]
2.A10 [ 16, 48, 48, 64, 64, 216, 216, 336, 336, 384, 384, 400, 432, 448, 800 ]

 ----A11---- 
[ [ 1, 1 ], [ 10, 1 ], [ 44, 1 ], [ 45, 1 ], [ 110, 1 ], [ 120, 1 ], [ 126, 2 ], [ 132, 1 ], [ 165, 1 ], [ 210, 1 ], 
  [ 231, 1 ], [ 330, 1 ], [ 385, 1 ], [ 462, 1 ], [ 550, 1 ], [ 594, 3 ], [ 660, 1 ], [ 693, 1 ], [ 825, 1 ], 
  [ 924, 1 ], [ 990, 2 ], [ 1100, 1 ], [ 1155, 1 ], [ 1232, 1 ], [ 1320, 1 ], [ 1540, 1 ], [ 2310, 1 ] ]
2.A11 [ 16, 16, 144, 528, 560, 616, 616, 672, 880, 880, 1200, 1232, 1232, 1440, 1584, 1584, 1584, 1584 ]

 ----M12---- 
[ [ 1, 1 ], [ 11, 2 ], [ 16, 2 ], [ 45, 1 ], [ 54, 1 ], [ 55, 3 ], [ 66, 1 ], [ 99, 1 ], [ 120, 1 ], [ 144, 1 ], 
  [ 176, 1 ] ]
2.M12 [ 10, 10, 12, 32, 44, 44, 110, 110, 120, 160, 160 ]

 ----M22---- 
[ [ 1, 1 ], [ 21, 1 ], [ 45, 2 ], [ 55, 1 ], [ 99, 1 ], [ 154, 1 ], [ 210, 1 ], [ 231, 1 ], [ 280, 2 ], [ 385, 1 ] ]
2.M22 [ 10, 10, 56, 120, 126, 126, 154, 154, 210, 330, 440 ]
3.M22 [ 21, 45, 45, 99, 105, 105, 210, 231, 231, 330, 384 ]
4.M22 [ 56, 56, 144, 144, 160, 160, 176, 560 ]
6.M22 [ 66, 66, 120, 126, 126, 210, 210, 210, 330, 384 ]
12.M22 [ 120, 120, 144, 144, 336, 336, 384 ]

 ----J2---- 
[ [ 1, 1 ], [ 14, 2 ], [ 21, 2 ], [ 36, 1 ], [ 63, 1 ], [ 70, 2 ], [ 90, 1 ], [ 126, 1 ], [ 160, 1 ], [ 175, 1 ], 
  [ 189, 2 ], [ 224, 2 ], [ 225, 1 ], [ 288, 1 ], [ 300, 1 ], [ 336, 1 ] ]
2.J2 [ 6, 6, 14, 50, 50, 56, 56, 64, 64, 84, 126, 126, 216, 252, 336, 350, 448 ]

 ----L3(2)---- 
[ [ 1, 1 ], [ 3, 2 ], [ 6, 1 ], [ 7, 1 ], [ 8, 1 ] ]
2.L3(2) [ 4, 4, 6, 6, 8 ]

 ----L3(4)---- 
[ [ 1, 1 ], [ 20, 1 ], [ 35, 3 ], [ 45, 2 ], [ 63, 2 ], [ 64, 1 ] ]
2.L3(4) [ 10, 10, 28, 28, 36, 64, 70, 90 ]
3.L3(4) [ 15, 15, 15, 21, 45, 45, 63, 63, 84 ]
6.L3(4) [ 6, 36, 42, 42, 60, 60, 90 ]
4_1.L3(4) [ 8, 8, 56, 64, 80, 80 ]
4_2.L3(4) [ 20, 28, 28, 36, 64, 80, 80 ]
12_1.L3(4) [ 24, 24, 48, 48, 120 ]
12_2.L3(4) [ 36, 48, 48, 60, 60, 84 ]

 ----L2(49)---- 
[ [ 1, 1 ], [ 25, 2 ], [ 48, 12 ], [ 49, 1 ], [ 50, 11 ] ]
2.L2(49) [ 24, 24, 48, 48, 48, 48, 48, 48, 48, 48, 48, 48, 48, 48, 50, 50, 50, 50, 50, 50, 50, 50, 50, 50, 50, 50 ]

 ----L2(11)---- 
[ [ 1, 1 ], [ 5, 2 ], [ 10, 2 ], [ 11, 1 ], [ 12, 2 ] ]
2.L2(11) [ 6, 6, 10, 10, 10, 12, 12 ]

 ----U4(2)---- 
[ [ 1, 1 ], [ 5, 2 ], [ 6, 1 ], [ 10, 2 ], [ 15, 2 ], [ 20, 1 ], [ 24, 1 ], [ 30, 3 ], [ 40, 2 ], [ 45, 2 ], 
  [ 60, 1 ], [ 64, 1 ], [ 81, 1 ] ]
2.U4(2) [ 4, 4, 20, 20, 20, 20, 20, 36, 36, 60, 60, 60, 64, 80 ]

 ----U3(5)---- 
[ [ 1, 1 ], [ 20, 1 ], [ 21, 1 ], [ 28, 3 ], [ 84, 1 ], [ 105, 1 ], [ 125, 1 ], [ 126, 3 ], [ 144, 2 ] ]
3.U3(5) [ 21, 21, 48, 48, 48, 84, 105, 105, 126, 126, 126, 144, 144 ]


 ====Trivial Multiplier==== 


 ----M11---- 
[ [ 1, 1 ], [ 10, 3 ], [ 11, 1 ], [ 16, 2 ], [ 44, 1 ], [ 45, 1 ], [ 55, 1 ] ]

 ----L2(8)---- 
[ [ 1, 1 ], [ 7, 4 ], [ 8, 1 ], [ 9, 3 ] ]

 ----U3(3)---- 
[ [ 1, 1 ], [ 6, 1 ], [ 7, 3 ], [ 14, 1 ], [ 21, 3 ], [ 27, 1 ], [ 28, 2 ], [ 32, 2 ] ]


 ====Missing groups==== 



 ====Confirmed groups==== 

A5 ,A6 ,L2(11) ,U4(2) ,